{
 "cells": [
  {
   "cell_type": "code",
   "execution_count": 1,
   "metadata": {},
   "outputs": [],
   "source": [
    "import numpy as np\n",
    "import Quaternion"
   ]
  },
  {
   "cell_type": "code",
   "execution_count": 51,
   "metadata": {},
   "outputs": [],
   "source": [
    "colmap = '/home/rozenberszki/D_Project/wsnsl/Dataset/07f5b601ee/pose.txt'#\n",
    "arkit = '/home/rozenberszki/D_Project/wsnsl/Dataset/07f5b601ee/traj.txt'"
   ]
  },
  {
   "cell_type": "code",
   "execution_count": 52,
   "metadata": {},
   "outputs": [],
   "source": [
    "colmap = np.loadtxt(colmap).reshape(-1,4,4)\n",
    "arkit = np.loadtxt(arkit).reshape(-1,4,4)"
   ]
  },
  {
   "cell_type": "code",
   "execution_count": 69,
   "metadata": {},
   "outputs": [],
   "source": [
    "R_roll = [[-1, 0, 0],\n",
    "          [0, -1, 0],\n",
    "          [0, 0, 1]]\n",
    "R = colmap[0][:3,:3]\n",
    "T = colmap[0][:3,3]\n",
    "n = np.eye(4)\n",
    "n[:3,:3] = R.T @ R_roll\n",
    "n[:3,3] = -R.T @ T"
   ]
  },
  {
   "cell_type": "code",
   "execution_count": 72,
   "metadata": {},
   "outputs": [
    {
     "data": {
      "text/plain": [
       "(array([[ 0.90426923,  0.2109949 , -0.37118514,  1.39694242],\n",
       "        [ 0.42644666, -0.48906413,  0.76089493,  2.37637735],\n",
       "        [-0.02098818, -0.84634449, -0.53222374,  1.47317183],\n",
       "        [ 0.        ,  0.        ,  0.        ,  1.        ]]),\n",
       " array([[ 0.82877284,  0.28706285, -0.48034415,  3.1780863 ],\n",
       "        [-0.01761256, -0.84458655, -0.5351293 , -0.59987956],\n",
       "        [-0.55930793,  0.45196077, -0.69491446, -2.553681  ],\n",
       "        [ 0.        ,  0.        ,  0.        ,  0.9999997 ]]))"
      ]
     },
     "execution_count": 72,
     "metadata": {},
     "output_type": "execute_result"
    }
   ],
   "source": [
    "colmap[1], arkit[10]"
   ]
  },
  {
   "cell_type": "code",
   "execution_count": 70,
   "metadata": {},
   "outputs": [
    {
     "data": {
      "text/plain": [
       "(array([[-0.89634522, -0.44235973, -0.02971733, -2.26261004],\n",
       "        [-0.20560163,  0.47412001, -0.85611812,  2.10340015],\n",
       "        [ 0.39280175, -0.76126746, -0.51592509, -0.49812704],\n",
       "        [ 0.        ,  0.        ,  0.        ,  1.        ]]),\n",
       " array([[ 0.81875277,  0.27931443, -0.50162464,  3.1800714 ],\n",
       "        [-0.02646829, -0.8543969 , -0.51894647, -0.5956651 ],\n",
       "        [-0.57353574,  0.43816608, -0.69214684, -2.5539694 ],\n",
       "        [ 0.        ,  0.        ,  0.        ,  0.99999976]]))"
      ]
     },
     "execution_count": 70,
     "metadata": {},
     "output_type": "execute_result"
    }
   ],
   "source": [
    "n, arkit[0]"
   ]
  },
  {
   "cell_type": "code",
   "execution_count": 53,
   "metadata": {},
   "outputs": [],
   "source": [
    "colmap_pose = transform_arkit_to_colmap(arkit[10])"
   ]
  },
  {
   "cell_type": "code",
   "execution_count": 55,
   "metadata": {},
   "outputs": [
    {
     "data": {
      "text/plain": [
       "(array([[ 0.81875277, -0.50162464, -0.27931443,  3.1800714 ],\n",
       "        [-0.57353574, -0.69214684, -0.43816608,  2.5539694 ],\n",
       "        [ 0.02646829,  0.51894647, -0.8543969 , -0.5956651 ],\n",
       "        [ 0.        ,  0.        ,  0.        ,  1.        ]]),\n",
       " array([[ 0.90426923,  0.2109949 , -0.37118514,  1.39694242],\n",
       "        [ 0.42644666, -0.48906413,  0.76089493,  2.37637735],\n",
       "        [-0.02098818, -0.84634449, -0.53222374,  1.47317183],\n",
       "        [ 0.        ,  0.        ,  0.        ,  1.        ]]))"
      ]
     },
     "execution_count": 55,
     "metadata": {},
     "output_type": "execute_result"
    }
   ],
   "source": [
    "colmap_pose, colmap[1]"
   ]
  },
  {
   "cell_type": "code",
   "execution_count": 45,
   "metadata": {},
   "outputs": [
    {
     "data": {
      "text/plain": [
       "(array([ 1.39995203,  1.47652391, -2.37735946]),\n",
       " array([ 0.84946899, -0.124348  , -0.190696  , -0.475999  ]))"
      ]
     },
     "execution_count": 45,
     "metadata": {},
     "output_type": "execute_result"
    }
   ],
   "source": [
    "toArkit(colmap[0])"
   ]
  },
  {
   "cell_type": "code",
   "execution_count": 46,
   "metadata": {},
   "outputs": [],
   "source": [
    "import numpy as np\n",
    "from scipy.spatial.transform import Rotation as R\n",
    "\n",
    "def pose_matrix_from_translation_quaternion(translation, quaternion):\n",
    "    # Create a rotation matrix from the quaternion\n",
    "    rotation_matrix = R.from_quat(quaternion).as_matrix()\n",
    "    \n",
    "    # Create a 4x4 identity matrix\n",
    "    pose_matrix = np.eye(4)\n",
    "    \n",
    "    # Set the translation values in the pose matrix\n",
    "    pose_matrix[:3, 3] = translation\n",
    "    \n",
    "    # Set the rotation values in the pose matrix\n",
    "    pose_matrix[:3, :3] = rotation_matrix\n",
    "    \n",
    "    return pose_matrix\n"
   ]
  },
  {
   "cell_type": "code",
   "execution_count": 48,
   "metadata": {},
   "outputs": [
    {
     "data": {
      "text/plain": [
       "array([[ 0.89634522, -0.39280175, -0.20560163,  1.39995203],\n",
       "       [-0.02971733, -0.51592506,  0.8561181 ,  1.47652391],\n",
       "       [-0.44235972, -0.76126744, -0.47411999, -2.37735946],\n",
       "       [ 0.        ,  0.        ,  0.        ,  1.        ]])"
      ]
     },
     "execution_count": 48,
     "metadata": {},
     "output_type": "execute_result"
    }
   ],
   "source": [
    "pose_matrix_from_translation_quaternion(*toArkit(colmap[0]))"
   ]
  },
  {
   "cell_type": "code",
   "execution_count": 49,
   "metadata": {},
   "outputs": [
    {
     "data": {
      "text/plain": [
       "array([[ 0.81875277,  0.27931443, -0.50162464,  3.1800714 ],\n",
       "       [-0.02646829, -0.8543969 , -0.51894647, -0.5956651 ],\n",
       "       [-0.57353574,  0.43816608, -0.69214684, -2.5539694 ],\n",
       "       [ 0.        ,  0.        ,  0.        ,  0.99999976]])"
      ]
     },
     "execution_count": 49,
     "metadata": {},
     "output_type": "execute_result"
    }
   ],
   "source": [
    "arkit[0]"
   ]
  },
  {
   "cell_type": "code",
   "execution_count": 29,
   "metadata": {},
   "outputs": [
    {
     "data": {
      "text/plain": [
       "(array([ 3.1800714,  2.5539694, -0.5956651]),\n",
       " array([[ 0.81875277, -0.50162464, -0.27931443],\n",
       "        [-0.57353574, -0.69214684, -0.43816608],\n",
       "        [ 0.02646829,  0.51894647, -0.8543969 ]]))"
      ]
     },
     "execution_count": 29,
     "metadata": {},
     "output_type": "execute_result"
    }
   ],
   "source": [
    "transform_arkit_to_colmap(arkit[0])"
   ]
  },
  {
   "cell_type": "code",
   "execution_count": 30,
   "metadata": {},
   "outputs": [
    {
     "data": {
      "text/plain": [
       "array([[ 0.89634522,  0.20560163, -0.39280175,  1.39995203],\n",
       "       [ 0.44235973, -0.47412001,  0.76126746,  2.37735946],\n",
       "       [-0.02971733, -0.85611812, -0.51592509,  1.47652391],\n",
       "       [ 0.        ,  0.        ,  0.        ,  1.        ]])"
      ]
     },
     "execution_count": 30,
     "metadata": {},
     "output_type": "execute_result"
    }
   ],
   "source": [
    "colmap[0]"
   ]
  },
  {
   "cell_type": "code",
   "execution_count": null,
   "metadata": {},
   "outputs": [],
   "source": []
  }
 ],
 "metadata": {
  "kernelspec": {
   "display_name": "wsnsl",
   "language": "python",
   "name": "python3"
  },
  "language_info": {
   "codemirror_mode": {
    "name": "ipython",
    "version": 3
   },
   "file_extension": ".py",
   "mimetype": "text/x-python",
   "name": "python",
   "nbconvert_exporter": "python",
   "pygments_lexer": "ipython3",
   "version": "3.7.11"
  }
 },
 "nbformat": 4,
 "nbformat_minor": 2
}
