{
 "cells": [
  {
   "cell_type": "code",
   "execution_count": 83,
   "metadata": {},
   "outputs": [
    {
     "name": "stdout",
     "output_type": "stream",
     "text": [
      "(946, 3, 3)\n",
      "(3, 946)\n"
     ]
    },
    {
     "data": {
      "text/plain": [
       "'\\nfor i in range(T_wcCOL.shape[0]):\\n    T_wcCOL[i, :3, :3] = T_wcCOL[i, :3, :3].T\\n\\n# Correct matrix multiplication after the transposition is fixed\\nfor i in range(T_wcCOL.shape[0]):\\n    T_wcCOL[i, :3, 3] = -T_wcCOL[i, :3, :3] @ T_wcCOL[i, :3, 3]'"
      ]
     },
     "execution_count": 83,
     "metadata": {},
     "output_type": "execute_result"
    }
   ],
   "source": [
    "import numpy as np\n",
    "import glob\n",
    "\n",
    "path_to_traj = f\"/home/rozenberszki/D_Project/wsnsl/Dataset/traj.txt\"\n",
    "path_to_COL = f\"/home/rozenberszki/D_Project/wsnsl/Dataset/pose.txt\"\n",
    "T_wc = np.loadtxt(path_to_traj).reshape(-1, 4, 4)\n",
    "T_wcCOL= np.loadtxt(path_to_COL).reshape(-1, 4, 4)\n",
    "#s = np.ones((4, 4))\n",
    "'''s=np.array([[1, 1, -1, 1],\n",
    "            [1, 1, -1, 1],\n",
    "            [-1, -1, 1, -1],\n",
    "            [0, 0, 0, 1]])\n",
    "T_wc = s * T_wc'''\n",
    "'''\n",
    "T_wc[:,1:3]*=-1\n",
    "#T_wc[:,:3,3]=0\n",
    "color_paths = sorted(glob.glob(f\"/home/rozenberszki/D_Project/wsnsl/Dataset/color_path/*.jpg\"))\n",
    "print(color_paths)\n",
    "depth_paths = sorted(glob.glob(f\"/home/rozenberszki/D_Project/wsnsl/Dataset/color_path/*.png\"))\n",
    "#  y,z \n",
    "T_wc[:,:3, 3] *= 1/2\n",
    "print(T_wc[0])\n",
    "'''\n",
    "print(T_wcCOL[:,:3,:3].shape)\n",
    "print(T_wcCOL[:,:3,3].T.shape)\n",
    "'''\n",
    "for i in range(T_wcCOL.shape[0]):\n",
    "    T_wcCOL[i, :3, :3] = T_wcCOL[i, :3, :3].T\n",
    "\n",
    "# Correct matrix multiplication after the transposition is fixed\n",
    "for i in range(T_wcCOL.shape[0]):\n",
    "    T_wcCOL[i, :3, 3] = -T_wcCOL[i, :3, :3] @ T_wcCOL[i, :3, 3]'''"
   ]
  },
  {
   "cell_type": "code",
   "execution_count": 85,
   "metadata": {},
   "outputs": [
    {
     "name": "stdout",
     "output_type": "stream",
     "text": [
      "COLMAP: [[-0.950703 -0.309975 -0.008887  0.350173]\n",
      " [ 0.283283 -0.856469 -0.431523  0.929442]\n",
      " [ 0.12615  -0.412767  0.902058 -0.101077]\n",
      " [ 0.        0.        0.        1.      ]]\n",
      "IPHONE: [[ 0.63281906  0.5936474  -0.4971145   0.39389375]\n",
      " [ 0.03214595 -0.6616073  -0.7491611   0.06876414]\n",
      " [-0.7736321   0.45810315 -0.43776107  0.6076599 ]\n",
      " [ 0.          0.          0.          1.        ]]\n",
      "\n",
      "\n",
      "\n",
      "\n",
      "COLMAP: [[-0.94288  -0.33304  -0.007832  0.34196 ]\n",
      " [ 0.306012 -0.85659  -0.415463  0.931543]\n",
      " [ 0.131657 -0.394129  0.909576 -0.107738]\n",
      " [ 0.        0.        0.        1.      ]]\n",
      "IPHONE: [[ 0.6443237   0.5956896  -0.47958398  0.39054307]\n",
      " [ 0.03437619 -0.649036   -0.7599806   0.07035726]\n",
      " [-0.76397985  0.47318733 -0.43866676  0.6088659 ]\n",
      " [ 0.          0.          0.          1.        ]]\n",
      "\n",
      "\n",
      "\n",
      "\n",
      "COLMAP: [[-0.931353 -0.363816 -0.014794  0.332623]\n",
      " [ 0.339001 -0.851567 -0.399889  0.934831]\n",
      " [ 0.132888 -0.377453  0.916444 -0.109968]\n",
      " [ 0.        0.        0.        1.      ]]\n",
      "IPHONE: [[ 0.6458365   0.60300523 -0.46827337  0.3816689 ]\n",
      " [ 0.03011354 -0.63298625 -0.7735771   0.06876099]\n",
      " [-0.76288164  0.48550293 -0.42696422  0.6093894 ]\n",
      " [ 0.          0.          0.          1.        ]]\n",
      "\n",
      "\n",
      "\n",
      "\n",
      "COLMAP: [[-0.924672 -0.379792 -0.027213  0.329513]\n",
      " [ 0.359671 -0.847752 -0.389811  0.937023]\n",
      " [ 0.124977 -0.370235  0.920493 -0.105328]\n",
      " [ 0.        0.        0.        1.      ]]\n",
      "IPHONE: [[ 0.63481474  0.60829246 -0.47643533  0.3704905 ]\n",
      " [ 0.01689153 -0.6273919  -0.7785204   0.0665028 ]\n",
      " [-0.7724798   0.48616853 -0.4085526   0.611208  ]\n",
      " [ 0.          0.          0.          1.        ]]\n",
      "\n",
      "\n",
      "\n",
      "\n",
      "COLMAP: [[-0.932934 -0.359392 -0.021722  0.335129]\n",
      " [ 0.341506 -0.864166 -0.369581  0.934983]\n",
      " [ 0.114053 -0.352213  0.928944 -0.106959]\n",
      " [ 0.        0.        0.        1.      ]]\n",
      "IPHONE: [[ 0.6359686   0.59899783 -0.48656493  0.3604566 ]\n",
      " [ 0.00923556 -0.6363608  -0.7713362   0.06886081]\n",
      " [-0.7716596   0.48605198 -0.41023752  0.61274636]\n",
      " [ 0.          0.          0.          0.99999994]]\n",
      "\n",
      "\n",
      "\n",
      "\n",
      "COLMAP: [[-0.951048 -0.308696 -0.01467   0.350104]\n",
      " [ 0.29208  -0.882317 -0.369061  0.930326]\n",
      " [ 0.100984 -0.355279  0.92929  -0.100609]\n",
      " [ 0.        0.        0.        1.      ]]\n",
      "IPHONE: [[ 0.6250629   0.5882966  -0.5130336   0.35112908]\n",
      " [ 0.00519468 -0.660372   -0.75092065  0.0773503 ]\n",
      " [-0.78055716  0.46670756 -0.41583     0.61583   ]\n",
      " [ 0.          0.          0.          0.99999994]]\n",
      "\n",
      "\n",
      "\n",
      "\n",
      "COLMAP: [[-0.971846 -0.2354   -0.010089  0.371793]\n",
      " [ 0.223887 -0.909281 -0.350831  0.923088]\n",
      " [ 0.073412 -0.343213  0.936384 -0.093374]\n",
      " [ 0.        0.        0.        1.      ]]\n",
      "IPHONE: [[ 0.60707104  0.56615204 -0.5576169   0.34010944]\n",
      " [-0.01630251 -0.6926952  -0.7210462   0.08467279]\n",
      " [-0.79448026  0.4468168  -0.41128552  0.61923105]\n",
      " [ 0.          0.          0.          0.99999994]]\n",
      "\n",
      "\n",
      "\n",
      "\n",
      "COLMAP: [[-0.984912 -0.172874  0.007946  0.385091]\n",
      " [ 0.161174 -0.933037 -0.321659  0.916767]\n",
      " [ 0.06302  -0.315525  0.946822 -0.1002  ]\n",
      " [ 0.        0.        0.        1.      ]]\n",
      "IPHONE: [[ 0.62137944  0.54124767 -0.5665143   0.32868138]\n",
      " [-0.01629585 -0.71396285 -0.69999385  0.09013963]\n",
      " [-0.7833402   0.4441937  -0.43482172  0.62334514]\n",
      " [ 0.          0.          0.          0.99999994]]\n",
      "\n",
      "\n",
      "\n",
      "\n",
      "COLMAP: [[-0.990871 -0.129195  0.038528  0.390806]\n",
      " [ 0.112758 -0.950829 -0.28846   0.911408]\n",
      " [ 0.073901 -0.281483  0.956716 -0.116562]\n",
      " [ 0.        0.        0.        1.      ]]\n",
      "IPHONE: [[ 0.65775377  0.5219687  -0.54305506  0.3155932 ]\n",
      " [ 0.00861889 -0.7261339  -0.68749934  0.09736317]\n",
      " [-0.7531838   0.44752473 -0.48211604  0.6312737 ]\n",
      " [ 0.          0.          0.          1.        ]]\n",
      "\n",
      "\n",
      "\n",
      "\n",
      "COLMAP: [[-0.994029 -0.098067  0.047837  0.396749]\n",
      " [ 0.081118 -0.957408 -0.277111  0.908299]\n",
      " [ 0.072975 -0.271576  0.959646 -0.118651]\n",
      " [ 0.        0.        0.        1.      ]]\n",
      "IPHONE: [[ 0.66373533  0.5140375  -0.5433423   0.30107853]\n",
      " [ 0.01691962 -0.7365576  -0.6761631   0.10143023]\n",
      " [-0.74777615  0.43960023 -0.49757656  0.637127  ]\n",
      " [ 0.          0.          0.          0.99999994]]\n",
      "\n",
      "\n",
      "\n",
      "\n",
      "COLMAP: [[-0.997914 -0.016737  0.062357  0.414599]\n",
      " [ 0.001428 -0.971301 -0.237848  0.898964]\n",
      " [ 0.064548 -0.237263  0.969299 -0.126562]\n",
      " [ 0.        0.        0.        1.      ]]\n",
      "IPHONE: [[ 0.6783411   0.48263478 -0.5540008   0.28024712]\n",
      " [ 0.01711812 -0.76417863 -0.6447774   0.11931947]\n",
      " [-0.73454773  0.42789564 -0.52663565  0.6370767 ]\n",
      " [ 0.          0.          0.          1.        ]]\n",
      "\n",
      "\n",
      "\n",
      "\n",
      "COLMAP: [[-0.97467   0.198685  0.102676  0.464844]\n",
      " [-0.21684  -0.951934 -0.216339  0.873216]\n",
      " [ 0.054758 -0.233123  0.970904 -0.122461]\n",
      " [ 0.        0.        0.        1.      ]]\n",
      "IPHONE: [[ 0.68304646  0.42436233 -0.59444433  0.25345412]\n",
      " [ 0.03538227 -0.83215946 -0.5534065   0.16554947]\n",
      " [-0.72951734  0.35696957 -0.5834185   0.63955694]\n",
      " [ 0.          0.          0.          1.        ]]\n",
      "\n",
      "\n",
      "\n",
      "\n",
      "COLMAP: [[-0.879184  0.454381  0.143434  0.53237 ]\n",
      " [-0.476012 -0.850951 -0.222025  0.835905]\n",
      " [ 0.021171 -0.263477  0.964433 -0.100292]\n",
      " [ 0.        0.        0.        1.      ]]\n",
      "IPHONE: [[ 0.6620923   0.33980018 -0.6679593   0.23000546]\n",
      " [ 0.04693672 -0.908351   -0.41556633  0.225514  ]\n",
      " [-0.74795103  0.24379149 -0.6173613   0.6529172 ]\n",
      " [ 0.          0.          0.          0.99999994]]\n",
      "\n",
      "\n",
      "\n",
      "\n",
      "COLMAP: [[-0.729455  0.658374  0.185577  0.591386]\n",
      " [-0.683911 -0.696925 -0.215781  0.796224]\n",
      " [-0.012731 -0.284321  0.958645 -0.080998]\n",
      " [ 0.        0.        0.        1.      ]]\n",
      "IPHONE: [[ 0.64876354  0.25238147 -0.7179201   0.21105863]\n",
      " [ 0.06308302 -0.9579919  -0.2797713   0.27750263]\n",
      " [-0.7583708   0.13621683 -0.63743114  0.6725607 ]\n",
      " [ 0.          0.          0.          0.9999999 ]]\n",
      "\n",
      "\n",
      "\n",
      "\n",
      "COLMAP: [[-0.571868  0.790147  0.220534  0.636518]\n",
      " [-0.81909  -0.535107 -0.206764  0.760906]\n",
      " [-0.045365 -0.298879  0.953212 -0.066743]\n",
      " [ 0.        0.        0.        1.      ]]\n",
      "IPHONE: [[ 0.6436625   0.17797004 -0.7443286   0.19510162]\n",
      " [ 0.07940869 -0.98286664 -0.16633563  0.31932634]\n",
      " [-0.7611786   0.04795786 -0.64676666  0.68884027]\n",
      " [ 0.          0.          0.          1.        ]]\n",
      "\n",
      "\n",
      "\n",
      "\n",
      "COLMAP: [[-0.41469   0.880636  0.229154  0.6721  ]\n",
      " [-0.909019 -0.389446 -0.148378  0.727149]\n",
      " [-0.041424 -0.269837  0.962015 -0.067315]\n",
      " [ 0.        0.        0.        1.      ]]\n",
      "IPHONE: [[ 0.6620828   0.10547362 -0.7419714   0.17805046]\n",
      " [ 0.08649918 -0.99418503 -0.06414082  0.36088577]\n",
      " [-0.7444221  -0.02171338 -0.6673562   0.69958675]\n",
      " [ 0.          0.          0.          0.99999994]]\n",
      "\n",
      "\n",
      "\n",
      "\n",
      "COLMAP: [[-0.264131  0.943005  0.202425  0.701917]\n",
      " [-0.964398 -0.255367 -0.068737  0.695801]\n",
      " [-0.013127 -0.213374  0.976882 -0.076253]\n",
      " [ 0.        0.        0.        1.      ]]\n",
      "IPHONE: [[ 0.6818895   0.03916806 -0.7304058   0.16254479]\n",
      " [ 0.07739981 -0.9968229   0.01880393  0.40054232]\n",
      " [-0.7273486  -0.06935547 -0.6827545   0.70573986]\n",
      " [ 0.          0.          0.          1.0000001 ]]\n",
      "\n",
      "\n",
      "\n",
      "\n",
      "COLMAP: [[-0.124337  0.979075  0.161101  0.726296]\n",
      " [-0.991555 -0.128636  0.016494  0.664845]\n",
      " [ 0.036872 -0.157689  0.9868   -0.094016]\n",
      " [ 0.        0.        0.        1.      ]]\n",
      "IPHONE: [[ 0.72075367 -0.02161722 -0.6928541   0.15398619]\n",
      " [ 0.06215019 -0.993473    0.09564942  0.43372965]\n",
      " [-0.6903995  -0.11200069 -0.7147057   0.70725554]\n",
      " [ 0.          0.          0.          1.        ]]\n",
      "\n",
      "\n",
      "\n",
      "\n",
      "COLMAP: [[-0.061108  0.992596  0.10497   0.734845]\n",
      " [-0.992054 -0.071987  0.103183  0.646816]\n",
      " [ 0.109976 -0.09783   0.989108 -0.11891 ]\n",
      " [ 0.        0.        0.        1.      ]]\n",
      "IPHONE: [[ 0.76224715 -0.054818   -0.64496064  0.1547733 ]\n",
      " [ 0.04284218 -0.98994994  0.13477318  0.45775408]\n",
      " [-0.64586675 -0.13036199 -0.75223786  0.69661707]\n",
      " [ 0.          0.          0.          1.        ]]\n",
      "\n",
      "\n",
      "\n",
      "\n",
      "COLMAP: [[-0.055189  0.997177  0.050909  0.728334]\n",
      " [-0.977905 -0.064278  0.198922  0.637895]\n",
      " [ 0.201633 -0.038806  0.978692 -0.153778]\n",
      " [ 0.        0.        0.        1.      ]]\n",
      "IPHONE: [[ 0.8203163  -0.0533743  -0.56941396  0.16293716]\n",
      " [ 0.03217136 -0.98975253  0.13912205  0.47065642]\n",
      " [-0.57100445 -0.13244292 -0.81019306  0.66516125]\n",
      " [ 0.          0.          0.          1.        ]]\n",
      "\n",
      "\n",
      "\n",
      "\n"
     ]
    }
   ],
   "source": [
    "#T_wc[:9460:10]-=T_wcCOL\n",
    "for i in range(20):\n",
    "    print(\"COLMAP:\", T_wcCOL[i])\n",
    "    print(\"IPHONE:\" , T_wc[i*10])\n",
    "    print(\"\\n\\n\\n\")"
   ]
  },
  {
   "cell_type": "code",
   "execution_count": null,
   "metadata": {},
   "outputs": [],
   "source": []
  },
  {
   "cell_type": "code",
   "execution_count": null,
   "metadata": {},
   "outputs": [],
   "source": []
  }
 ],
 "metadata": {
  "kernelspec": {
   "display_name": "wsnsl",
   "language": "python",
   "name": "python3"
  },
  "language_info": {
   "codemirror_mode": {
    "name": "ipython",
    "version": 3
   },
   "file_extension": ".py",
   "mimetype": "text/x-python",
   "name": "python",
   "nbconvert_exporter": "python",
   "pygments_lexer": "ipython3",
   "version": "3.7.11"
  }
 },
 "nbformat": 4,
 "nbformat_minor": 2
}
