6.328190599999999888e-01 5.936474000000000473e-01 -4.971145000000000147e-01 3.938937499999999869e-01
3.214594999999999952e-02 -6.616073000000000093e-01 -7.491611000000000242e-01 6.876414000000000137e-02
-7.736321000000000447e-01 4.581031500000000145e-01 -4.377610699999999744e-01 6.076599000000000306e-01
0.000000000000000000e+00 0.000000000000000000e+00 0.000000000000000000e+00 1.000000000000000000e+00
6.343562600000000051e-01 5.931438999999999462e-01 -4.957542999999999811e-01 3.934221999999999997e-01
3.307265399999999994e-02 -6.615407500000000107e-01 -7.491794999999999982e-01 6.840896600000000161e-02
-7.723329700000000075e-01 4.588508600000000270e-01 -4.392693999999999765e-01 6.076964000000000254e-01
0.000000000000000000e+00 0.000000000000000000e+00 0.000000000000000000e+00 9.999999400000000316e-01
6.356810999999999989e-01 5.929029000000000105e-01 -4.943436700000000128e-01 3.941837000000000257e-01
3.376670999999999839e-02 -6.611251999999999684e-01 -7.495152999999999954e-01 6.967146999999999923e-02
-7.712129399999999579e-01 4.597603699999999738e-01 -4.402851500000000140e-01 6.079115000000000490e-01
0.000000000000000000e+00 0.000000000000000000e+00 0.000000000000000000e+00 1.000000000000000000e+00
6.367958999999999703e-01 5.935153399999999468e-01 -4.921691999999999734e-01 3.940943800000000219e-01
3.401269800000000093e-02 -6.593271499999999730e-01 -7.510863500000000137e-01 6.987171000000000354e-02
-7.702818999999999638e-01 4.615487500000000076e-01 -4.400438999999999878e-01 6.080345499999999515e-01
0.000000000000000000e+00 0.000000000000000000e+00 0.000000000000000000e+00 1.000000000000000000e+00
6.379198400000000158e-01 5.947392000000000234e-01 -4.892275300000000215e-01 3.936981999999999982e-01
3.418546499999999821e-02 -6.565189000000000163e-01 -7.535345599999999644e-01 6.971238600000000118e-02
-7.693436999999999637e-01 4.639701800000000098e-01 -4.391378200000000120e-01 6.081322999999999590e-01
0.000000000000000000e+00 0.000000000000000000e+00 0.000000000000000000e+00 1.000000000000000000e+00
6.391145000000000298e-01 5.957698999999999634e-01 -4.864060599999999734e-01 3.931852299999999967e-01
3.439032699999999831e-02 -6.539300999999999586e-01 -7.557728999999999697e-01 6.947423499999999530e-02
-7.683423000000000336e-01 4.662977999999999845e-01 -4.384249700000000249e-01 6.082284000000000024e-01
0.000000000000000000e+00 0.000000000000000000e+00 0.000000000000000000e+00 1.000000000000000000e+00
6.402061999999999475e-01 5.962787000000000504e-01 -4.843424599999999747e-01 3.926171399999999756e-01
3.463548999999999795e-02 -6.522510599999999936e-01 -7.572111999999999732e-01 6.924980999999999498e-02
-7.674218400000000218e-01 4.679959000000000202e-01 -4.382276500000000241e-01 6.083547000000000260e-01
0.000000000000000000e+00 0.000000000000000000e+00 0.000000000000000000e+00 1.000000000000000000e+00
6.412733000000000461e-01 5.963086499999999957e-01 -4.828917400000000137e-01 3.919862499999999805e-01
3.491300299999999801e-02 -6.513524699999999612e-01 -7.579716399999999465e-01 6.905817000000000205e-02
-7.665178000000000269e-01 4.692078199999999977e-01 -4.385138499999999828e-01 6.085209000000000312e-01
0.000000000000000000e+00 0.000000000000000000e+00 0.000000000000000000e+00 1.000000000000000000e+00
6.423200399999999810e-01 5.959202999999999584e-01 -4.819791299999999779e-01 3.918740499999999738e-01
3.506700299999999937e-02 -6.510486599999999457e-01 -7.582254999999999967e-01 7.013389000000000428e-02
-7.656338999999999784e-01 4.701218300000000183e-01 -4.390786999999999884e-01 6.085500999999999827e-01
0.000000000000000000e+00 0.000000000000000000e+00 0.000000000000000000e+00 9.999999400000000316e-01
6.434210999999999681e-01 5.955597000000000252e-01 -4.809552400000000061e-01 3.912983800000000012e-01
3.497160199999999747e-02 -6.504910600000000098e-01 -7.587083000000000022e-01 7.039281000000000010e-02
-7.647131999999999818e-01 4.713492000000000237e-01 -4.393673499999999899e-01 6.086934000000000511e-01
0.000000000000000000e+00 0.000000000000000000e+00 0.000000000000000000e+00 1.000000000000000000e+00
6.443237000000000547e-01 5.956896000000000413e-01 -4.795839800000000208e-01 3.905430699999999922e-01
3.437619000000000091e-02 -6.490359999999999463e-01 -7.599806000000000061e-01 7.035726000000000480e-02
-7.639798500000000159e-01 4.731873300000000171e-01 -4.386667599999999889e-01 6.088658999999999599e-01
0.000000000000000000e+00 0.000000000000000000e+00 0.000000000000000000e+00 1.000000000000000000e+00
6.448265300000000089e-01 5.967050000000000409e-01 -4.776418800000000187e-01 3.896773499999999779e-01
3.376662999999999887e-02 -6.465463599999999866e-01 -7.621270399999999778e-01 7.019284000000000634e-02
-7.635826500000000294e-01 4.753113400000000266e-01 -4.370589599999999963e-01 6.090727000000000224e-01
0.000000000000000000e+00 0.000000000000000000e+00 0.000000000000000000e+00 9.999999400000000316e-01
6.447472600000000442e-01 5.979003000000000512e-01 -4.762523499999999910e-01 3.887148799999999849e-01
3.330604699999999835e-02 -6.444263000000000075e-01 -7.639407499999999462e-01 7.003442999999999474e-02
-7.636699000000000126e-01 4.766866599999999843e-01 -4.354057299999999908e-01 6.092978000000000005e-01
0.000000000000000000e+00 0.000000000000000000e+00 0.000000000000000000e+00 1.000000100000000058e+00
6.445144400000000218e-01 5.986728999999999523e-01 -4.755962799999999824e-01 3.876616999999999980e-01
3.296597999999999890e-02 -6.432062400000000402e-01 -7.649829999999999686e-01 6.989264000000000587e-02
-7.638811500000000088e-01 4.773641000000000134e-01 -4.342914800000000075e-01 6.095329999999999915e-01
0.000000000000000000e+00 0.000000000000000000e+00 0.000000000000000000e+00 1.000000000000000000e+00
6.442151999999999878e-01 5.982384699999999667e-01 -4.765474199999999994e-01 3.874988600000000005e-01
3.177368600000000237e-02 -6.434595600000000415e-01 -7.648203399999999874e-01 7.004697599999999691e-02
-7.641840600000000538e-01 4.775672000000000250e-01 -4.335346800000000056e-01 6.091847999999999708e-01
0.000000000000000000e+00 0.000000000000000000e+00 0.000000000000000000e+00 9.999999400000000316e-01
6.437599000000000515e-01 5.974359500000000489e-01 -4.781667299999999843e-01 3.867351399999999773e-01
3.020321600000000148e-02 -6.442193400000000292e-01 -7.642442000000000402e-01 6.997221000000000690e-02
-7.646311999999999554e-01 4.775475599999999821e-01 -4.327670599999999812e-01 6.091744300000000445e-01
0.000000000000000000e+00 0.000000000000000000e+00 0.000000000000000000e+00 1.000000000000000000e+00
6.433090999999999671e-01 5.971463999999999661e-01 -4.791341700000000259e-01 3.857554000000000261e-01
2.893085399999999890e-02 -6.443364999999999787e-01 -7.641945999999999461e-01 6.974014000000000602e-02
-7.650597700000000279e-01 4.777515999999999985e-01 -4.317835600000000107e-01 6.092282500000000267e-01
0.000000000000000000e+00 0.000000000000000000e+00 0.000000000000000000e+00 1.000000000000000000e+00
6.433347999999999844e-01 5.979811999999999905e-01 -4.780572699999999786e-01 3.846833399999999847e-01
2.859101000000000004e-02 -6.427642000000000078e-01 -7.655302999999999969e-01 6.937103999999999493e-02
-7.650508000000000308e-01 4.788241999999999776e-01 -4.306094999999999784e-01 6.092425000000000201e-01
0.000000000000000000e+00 0.000000000000000000e+00 0.000000000000000000e+00 1.000000000000000000e+00
6.438810999999999840e-01 5.997197600000000461e-01 -4.751350300000000138e-01 3.835732299999999872e-01
2.906498999999999888e-02 -6.397130500000000053e-01 -7.680641000000000274e-01 6.890906400000000598e-02
-7.645733000000000112e-01 4.807321700000000142e-01 -4.293299300000000263e-01 6.092012999999999456e-01
0.000000000000000000e+00 0.000000000000000000e+00 0.000000000000000000e+00 1.000000000000000000e+00
6.448361000000000232e-01 6.014566000000000079e-01 -4.716316199999999736e-01 3.824668999999999985e-01
2.965634300000000168e-02 -6.362839300000000531e-01 -7.708846999999999783e-01 6.843591499999999994e-02
-7.637453699999999790e-01 4.831075000000000230e-01 -4.281358000000000108e-01 6.091279400000000344e-01
0.000000000000000000e+00 0.000000000000000000e+00 0.000000000000000000e+00 1.000000000000000000e+00
6.458365000000000355e-01 6.030052299999999477e-01 -4.682733700000000221e-01 3.816688999999999776e-01
3.011353699999999925e-02 -6.329862499999999725e-01 -7.735771000000000175e-01 6.876098999999999406e-02
-7.628816400000000275e-01 4.855029299999999992e-01 -4.269642200000000054e-01 6.093893999999999700e-01
0.000000000000000000e+00 0.000000000000000000e+00 0.000000000000000000e+00 1.000000000000000000e+00
6.462335999999999636e-01 6.039434000000000191e-01 -4.665131299999999981e-01 3.806541299999999795e-01
3.013599000000000139e-02 -6.310267400000000304e-01 -7.751754499999999881e-01 6.865630000000000344e-02
-7.625443299999999924e-01 4.868855999999999740e-01 -4.259911200000000009e-01 6.095665999999999585e-01
0.000000000000000000e+00 0.000000000000000000e+00 0.000000000000000000e+00 9.999999400000000316e-01
6.443317499999999809e-01 6.047978000000000520e-01 -4.680344499999999908e-01 3.795505000000000129e-01
2.809280299999999952e-02 -6.303187599999999779e-01 -7.758279999999999621e-01 6.847506999999999899e-02
-7.642299500000000467e-01 4.867421399999999898e-01 -4.231248000000000231e-01 6.098109000000000446e-01
0.000000000000000000e+00 0.000000000000000000e+00 0.000000000000000000e+00 9.999999400000000316e-01
6.400358000000000436e-01 6.052328999999999626e-01 -4.733363999999999905e-01 3.784005599999999969e-01
2.302228699999999892e-02 -6.308765400000000412e-01 -7.755416000000000532e-01 6.825634999999999342e-02
-7.680000999999999634e-01 4.854771199999999842e-01 -4.177173399999999925e-01 6.100303999999999727e-01
0.000000000000000000e+00 0.000000000000000000e+00 0.000000000000000000e+00 1.000000000000000000e+00
6.358781500000000309e-01 6.044785999999999770e-01 -4.798589300000000168e-01 3.772159199999999823e-01
1.834184900000000035e-02 -6.334088399999999730e-01 -7.735999000000000070e-01 6.797026000000000456e-02
-7.715714000000000183e-01 4.831138300000000219e-01 -4.138580299999999879e-01 6.101957599999999760e-01
0.000000000000000000e+00 0.000000000000000000e+00 0.000000000000000000e+00 1.000000000000000000e+00
6.328454000000000024e-01 6.047243500000000216e-01 -4.835444400000000198e-01 3.759781999999999846e-01
1.556216399999999986e-02 -6.343180000000000485e-01 -7.729155399999999565e-01 6.794207500000000455e-02
-7.741217999999999710e-01 4.816111000000000142e-01 -4.108359999999999790e-01 6.102307000000000148e-01
0.000000000000000000e+00 0.000000000000000000e+00 0.000000000000000000e+00 1.000000000000000000e+00
6.311134000000000466e-01 6.062321699999999591e-01 -4.839199000000000139e-01 3.747651599999999861e-01
1.427240700000000084e-02 -6.328266999999999642e-01 -7.741618999999999584e-01 6.768227000000000271e-02
-7.755592500000000333e-01 4.816772599999999960e-01 -4.080378000000000061e-01 6.103699999999999681e-01
0.000000000000000000e+00 0.000000000000000000e+00 0.000000000000000000e+00 9.999999400000000316e-01
6.316672599999999527e-01 6.067191400000000456e-01 -4.825850999999999891e-01 3.736101700000000192e-01
1.488376599999999966e-02 -6.318743999999999472e-01 -7.749278499999999736e-01 6.737811999999999968e-02
-7.750966999999999718e-01 4.823139300000000018e-01 -4.081646500000000177e-01 6.105403299999999644e-01
0.000000000000000000e+00 0.000000000000000000e+00 0.000000000000000000e+00 1.000000100000000058e+00
6.329211999999999616e-01 6.074382999999999866e-01 -4.800307200000000218e-01 3.725204799999999872e-01
1.593475399999999889e-02 -6.301107400000000025e-01 -7.763417400000000024e-01 6.705055999999999516e-02
-7.740521999999999680e-01 4.837140400000000118e-01 -4.084898000000000140e-01 6.107648599999999650e-01
0.000000000000000000e+00 0.000000000000000000e+00 0.000000000000000000e+00 1.000000000000000000e+00
6.340055999999999470e-01 6.080685999999999591e-01 -4.777964399999999889e-01 3.714862500000000178e-01
1.663353299999999896e-02 -6.284238699999999955e-01 -7.776931999999999734e-01 6.676192599999999922e-02
-7.731495499999999632e-01 4.851144900000000093e-01 -4.085386400000000084e-01 6.109987999999999531e-01
0.000000000000000000e+00 0.000000000000000000e+00 0.000000000000000000e+00 1.000000000000000000e+00
6.348147400000000440e-01 6.082924600000000348e-01 -4.764353299999999902e-01 3.704905000000000004e-01
1.689152600000000046e-02 -6.273919000000000024e-01 -7.785204000000000013e-01 6.650280000000000080e-02
-7.724798000000000497e-01 4.861685299999999876e-01 -4.085525999999999880e-01 6.112079999999999735e-01
0.000000000000000000e+00 0.000000000000000000e+00 0.000000000000000000e+00 1.000000000000000000e+00
6.351923000000000430e-01 6.080226300000000084e-01 -4.762764999999999915e-01 3.695450699999999755e-01
1.621765600000000043e-02 -6.270194999999999519e-01 -7.788346999999999909e-01 6.628846400000000527e-02
-7.721837000000000284e-01 4.869857699999999845e-01 -4.081386300000000023e-01 6.113969000000000209e-01
0.000000000000000000e+00 0.000000000000000000e+00 0.000000000000000000e+00 1.000000000000000000e+00
6.352010399999999946e-01 6.072138000000000257e-01 -4.772954999999999837e-01 3.681891600000000153e-01
1.496587500000000001e-02 -6.275416000000000327e-01 -7.784391600000000189e-01 6.706481000000000248e-02
-7.722018400000000282e-01 4.873223300000000258e-01 -4.077024799999999782e-01 6.112636299999999467e-01
0.000000000000000000e+00 0.000000000000000000e+00 0.000000000000000000e+00 9.999999400000000316e-01
6.348768999999999663e-01 6.060839000000000087e-01 -4.791593800000000236e-01 3.671279800000000204e-01
1.336265499999999933e-02 -6.287010299999999940e-01 -7.775322999999999540e-01 6.730191000000000645e-02
-7.724978000000000122e-01 4.872344399999999909e-01 -4.072465599999999797e-01 6.113298000000000343e-01
0.000000000000000000e+00 0.000000000000000000e+00 0.000000000000000000e+00 1.000000000000000000e+00
6.342278999999999556e-01 6.051071999999999562e-01 -4.812486999999999737e-01 3.661438000000000192e-01
1.157320099999999997e-02 -6.298156400000000099e-01 -7.766583999999999710e-01 6.741123999999999727e-02
-7.730595500000000397e-01 4.870088000000000195e-01 -4.064496200000000115e-01 6.114697000000000049e-01
0.000000000000000000e+00 0.000000000000000000e+00 0.000000000000000000e+00 1.000000000000000000e+00
6.335089999999999888e-01 6.043952999999999687e-01 -4.830867999999999829e-01 3.651715500000000114e-01
1.007817700000000066e-02 -6.307493400000000472e-01 -7.759211999999999776e-01 6.752774999999999750e-02
-7.736697000000000157e-01 4.866844000000000170e-01 -4.056765700000000141e-01 6.116454000000000057e-01
0.000000000000000000e+00 0.000000000000000000e+00 0.000000000000000000e+00 1.000000100000000058e+00
6.329999600000000282e-01 6.036852999999999803e-01 -4.846391400000000238e-01 3.641984799999999911e-01
9.070230999999999780e-03 -6.317663000000000029e-01 -7.751057999999999559e-01 6.770444999999999935e-02
-7.740987499999999466e-01 4.862461000000000144e-01 -4.053835599999999761e-01 6.118359599999999565e-01
0.000000000000000000e+00 0.000000000000000000e+00 0.000000000000000000e+00 1.000000000000000000e+00
6.330997299999999717e-01 6.030472500000000347e-01 -4.853026300000000126e-01 3.632502300000000073e-01
8.885818000000000189e-03 -6.325697300000000523e-01 -7.744524000000000408e-01 6.789923000000000486e-02
-7.740192000000000183e-01 4.859932699999999772e-01 -4.058382799999999957e-01 6.120579000000000436e-01
0.000000000000000000e+00 0.000000000000000000e+00 0.000000000000000000e+00 9.999999400000000316e-01
6.340189600000000203e-01 6.019014000000000308e-01 -4.855251999999999901e-01 3.623855400000000060e-01
9.129563000000000261e-03 -6.336292999999999509e-01 -7.735828999999999622e-01 6.812854000000000132e-02
-7.732636999999999983e-01 4.860336000000000101e-01 -4.072280200000000239e-01 6.123282300000000289e-01
0.000000000000000000e+00 0.000000000000000000e+00 0.000000000000000000e+00 9.999999400000000316e-01
6.352001999999999926e-01 6.003846499999999642e-01 -4.858589500000000116e-01 3.614414300000000080e-01
9.299853999999999760e-03 -6.349677999999999711e-01 -7.724826000000000192e-01 6.845632000000000106e-02
-7.722915399999999986e-01 4.861627000000000032e-01 -4.089150400000000074e-01 6.125362500000000043e-01
0.000000000000000000e+00 0.000000000000000000e+00 0.000000000000000000e+00 9.999999400000000316e-01
6.359685999999999950e-01 5.989978299999999534e-01 -4.865649300000000066e-01 3.604566000000000159e-01
9.235560999999999771e-03 -6.363607999999999487e-01 -7.713362000000000274e-01 6.886081400000000630e-02
-7.716596000000000011e-01 4.860519799999999946e-01 -4.102375200000000222e-01 6.127463600000000454e-01
0.000000000000000000e+00 0.000000000000000000e+00 0.000000000000000000e+00 9.999999400000000316e-01
6.357289999999999885e-01 5.979060000000000485e-01 -4.882181999999999911e-01 3.594364500000000184e-01
9.527459000000000275e-03 -6.385085000000000344e-01 -7.695558000000000121e-01 6.938047999999999438e-02
-7.718534500000000520e-01 4.845774800000000049e-01 -4.116148700000000216e-01 6.130025000000000057e-01
0.000000000000000000e+00 0.000000000000000000e+00 0.000000000000000000e+00 1.000000100000000058e+00
6.344665000000000443e-01 5.976065000000000405e-01 -4.902230200000000093e-01 3.583669400000000227e-01
1.069432600000000053e-02 -6.409495499999999790e-01 -7.675085000000000379e-01 6.999255000000000060e-02
-7.728762999999999606e-01 4.817159500000000039e-01 -4.130520200000000197e-01 6.133140999999999732e-01
0.000000000000000000e+00 0.000000000000000000e+00 0.000000000000000000e+00 1.000000000000000000e+00
6.331383999999999901e-01 5.976780699999999502e-01 -4.918502000000000152e-01 3.572654699999999739e-01
1.208303600000000012e-02 -6.429879699999999643e-01 -7.657810000000000450e-01 7.065214999999999690e-02
-7.739442600000000505e-01 4.789022800000000135e-01 -4.143221400000000054e-01 6.136396499999999810e-01
0.000000000000000000e+00 0.000000000000000000e+00 0.000000000000000000e+00 1.000000000000000000e+00
6.325720000000000232e-01 5.973649599999999449e-01 -4.929582800000000264e-01 3.573405700000000240e-01
1.310513999999999950e-02 -6.446490999999999749e-01 -7.643663000000000540e-01 7.223578499999999680e-02
-7.743906999999999874e-01 4.770564700000000102e-01 -4.156154000000000237e-01 6.138331999999999677e-01
0.000000000000000000e+00 0.000000000000000000e+00 0.000000000000000000e+00 1.000000000000000000e+00
6.327209499999999487e-01 5.964023999999999992e-01 -4.939314699999999836e-01 3.566268000000000216e-01
1.365411700000000034e-02 -6.463344699999999943e-01 -7.629320000000000546e-01 7.323098000000000107e-02
-7.742594499999999602e-01 4.759788999999999826e-01 -4.170926799999999934e-01 6.141107999999999567e-01
0.000000000000000000e+00 0.000000000000000000e+00 0.000000000000000000e+00 1.000000000000000000e+00
6.325315000000000243e-01 5.947234000000000131e-01 -4.961936200000000019e-01 3.556287300000000040e-01
1.309244300000000048e-02 -6.487528000000000183e-01 -7.608865999999999685e-01 7.406500000000000583e-02
-7.744240000000000013e-01 4.747882999999999964e-01 -4.181429700000000027e-01 6.144365999999999994e-01
0.000000000000000000e+00 0.000000000000000000e+00 0.000000000000000000e+00 1.000000000000000000e+00
6.308717999999999826e-01 5.926097000000000170e-01 -5.008138399999999546e-01 3.544660000000000033e-01
1.097318000000000078e-02 -6.522227000000000441e-01 -7.579479000000000077e-01 7.487430999999999948e-02
-7.758095000000000407e-01 4.726725199999999849e-01 -4.179717000000000016e-01 6.147898400000000318e-01
0.000000000000000000e+00 0.000000000000000000e+00 0.000000000000000000e+00 1.000000000000000000e+00
6.284129600000000204e-01 5.909189599999999931e-01 -5.058774999999999800e-01 3.531681999999999877e-01
8.548358000000000692e-03 -6.555353000000000430e-01 -7.551162000000000152e-01 7.563872000000000650e-02
-7.778329999999999966e-01 4.702003599999999839e-01 -4.169982999999999884e-01 6.151366000000000334e-01
0.000000000000000000e+00 0.000000000000000000e+00 0.000000000000000000e+00 1.000000000000000000e+00
6.263761500000000204e-01 5.894926999999999806e-01 -5.100500999999999507e-01 3.518105699999999891e-01
6.617233999999999616e-03 -6.583097999999999450e-01 -7.527178500000000216e-01 7.635279000000000371e-02
-7.794927400000000173e-01 4.681095000000000117e-01 -4.162503799999999754e-01 6.154633000000000465e-01
0.000000000000000000e+00 0.000000000000000000e+00 0.000000000000000000e+00 1.000000000000000000e+00
6.250628999999999769e-01 5.882965999999999474e-01 -5.130335999999999785e-01 3.511290799999999823e-01
5.194680000000000131e-03 -6.603719999999999590e-01 -7.509206499999999673e-01 7.735029999999999684e-02
-7.805571599999999721e-01 4.667075600000000213e-01 -4.158299999999999774e-01 6.158299999999999885e-01
0.000000000000000000e+00 0.000000000000000000e+00 0.000000000000000000e+00 9.999999400000000316e-01
6.240366699999999600e-01 5.872214000000000045e-01 -5.155087999999999893e-01 3.500018999999999769e-01
3.938153399999999929e-03 -6.620838999999999475e-01 -7.494193300000000502e-01 7.809678000000000453e-02
-7.813851000000000546e-01 4.656350000000000211e-01 -4.154771299999999723e-01 6.162166999999999506e-01
0.000000000000000000e+00 0.000000000000000000e+00 0.000000000000000000e+00 1.000000000000000000e+00
6.230634999999999923e-01 5.859054999999999680e-01 -5.181762600000000552e-01 3.487533299999999725e-01
2.989593400000000161e-03 -6.642635000000000067e-01 -7.474925000000000042e-01 7.877620000000000455e-02
-7.821654999999999580e-01 4.641861600000000143e-01 -4.156299800000000100e-01 6.166447000000000456e-01
0.000000000000000000e+00 0.000000000000000000e+00 0.000000000000000000e+00 1.000000000000000000e+00
6.222739999999999938e-01 5.845051399999999786e-01 -5.207001599999999675e-01 3.475073599999999874e-01
2.452745000000000099e-03 -6.666296000000000443e-01 -7.453850499999999935e-01 7.943690600000000157e-02
-7.827956000000000358e-01 4.625565400000000160e-01 -4.162598800000000265e-01 6.170854000000000061e-01
0.000000000000000000e+00 0.000000000000000000e+00 0.000000000000000000e+00 1.000000000000000000e+00
6.217257999999999951e-01 5.827495999999999787e-01 -5.233164000000000149e-01 3.462983399999999823e-01
2.232866999999999925e-03 -6.694633399999999623e-01 -7.428417000000000492e-01 8.011088500000000667e-02
-7.832318499999999517e-01 4.606754000000000127e-01 -4.175238600000000244e-01 6.175445999999999991e-01
0.000000000000000000e+00 0.000000000000000000e+00 0.000000000000000000e+00 1.000000000000000000e+00
6.200272000000000006e-01 5.797050599999999942e-01 -5.286854500000000012e-01 3.450786000000000131e-01
8.627551999999999487e-04 -6.743483000000000116e-01 -7.384128599999999487e-01 8.080634500000000164e-02
-7.845798999999999968e-01 4.573799700000000246e-01 -4.186144500000000268e-01 6.179862000000000410e-01
0.000000000000000000e+00 0.000000000000000000e+00 0.000000000000000000e+00 1.000000000000000000e+00
6.163885000000000058e-01 5.775314599999999965e-01 -5.352780999999999789e-01 3.447291599999999789e-01
-1.949073300000000054e-03 -6.786470399999999792e-01 -7.344619599999999693e-01 8.218736999999999571e-02
-7.874398000000000231e-01 4.537572599999999956e-01 -4.171846000000000165e-01 6.179814300000000538e-01
0.000000000000000000e+00 0.000000000000000000e+00 0.000000000000000000e+00 1.000000000000000000e+00
6.119298300000000079e-01 5.760796700000000437e-01 -5.419171000000000404e-01 3.436582400000000037e-01
-5.417535999999999706e-03 -6.821108999999999645e-01 -7.312286999999999537e-01 8.302107499999999973e-02
-7.908935000000000271e-01 4.503965400000000119e-01 -4.142831000000000152e-01 6.182180999999999926e-01
0.000000000000000000e+00 0.000000000000000000e+00 0.000000000000000000e+00 1.000000100000000058e+00
6.088519700000000201e-01 5.729213399999999456e-01 -5.486896599999999680e-01 3.424382999999999733e-01
-9.081479999999999414e-03 -6.865896000000000221e-01 -7.269884300000000188e-01 8.371850000000000125e-02
-7.932316999999999840e-01 4.476112999999999897e-01 -4.128284500000000135e-01 6.185249000000000441e-01
0.000000000000000000e+00 0.000000000000000000e+00 0.000000000000000000e+00 1.000000000000000000e+00
6.077337000000000433e-01 5.690152000000000543e-01 -5.539688000000000390e-01 3.412703599999999948e-01
-1.279500899999999955e-02 -6.904635399999999867e-01 -7.232539999999999525e-01 8.428351000000000592e-02
-7.940377600000000369e-01 4.466338799999999831e-01 -4.123374000000000206e-01 6.188552000000000497e-01
0.000000000000000000e+00 0.000000000000000000e+00 0.000000000000000000e+00 1.000000000000000000e+00
6.070710400000000062e-01 5.661520399999999675e-01 -5.576168999999999709e-01 3.401094399999999851e-01
-1.630251300000000111e-02 -6.926951999999999554e-01 -7.210461999999999705e-01 8.467279399999999567e-02
-7.944802600000000492e-01 4.468168000000000140e-01 -4.112855200000000155e-01 6.192310500000000051e-01
0.000000000000000000e+00 0.000000000000000000e+00 0.000000000000000000e+00 9.999999400000000316e-01
6.069514999999999771e-01 5.644151600000000268e-01 -5.595044999999999602e-01 3.388923400000000141e-01
-1.839279599999999945e-02 -6.938461000000000212e-01 -7.198883000000000365e-01 8.496048000000000489e-02
-7.945259999999999545e-01 4.472282000000000202e-01 -4.107497999999999982e-01 6.196275999999999451e-01
0.000000000000000000e+00 0.000000000000000000e+00 0.000000000000000000e+00 1.000000000000000000e+00
6.075717999999999952e-01 5.628090000000000037e-01 -5.604485000000000161e-01 3.381112199999999901e-01
-1.879013699999999842e-02 -6.952369000000000465e-01 -7.185350000000000348e-01 8.577257000000000631e-02
-7.940424699999999447e-01 4.470925000000000038e-01 -4.118310199999999921e-01 6.202594999999999636e-01
0.000000000000000000e+00 0.000000000000000000e+00 0.000000000000000000e+00 1.000000000000000000e+00
6.082014000000000031e-01 5.609224400000000221e-01 -5.616557599999999484e-01 3.369634000000000240e-01
-1.846131100000000108e-02 -6.973815599999999559e-01 -7.164622000000000490e-01 8.634184000000000303e-02
-7.935680000000000511e-01 4.461222000000000243e-01 -4.137930599999999903e-01 6.207772499999999471e-01
0.000000000000000000e+00 0.000000000000000000e+00 0.000000000000000000e+00 1.000000000000000000e+00
6.087943300000000502e-01 5.587778700000000098e-01 -5.631490000000000107e-01 3.357064699999999791e-01
-1.825099999999999986e-02 -6.998035999999999701e-01 -7.141020999999999619e-01 8.684590500000000102e-02
-7.931181000000000481e-01 4.450193299999999907e-01 -4.158382400000000256e-01 6.212358500000000339e-01
0.000000000000000000e+00 0.000000000000000000e+00 0.000000000000000000e+00 1.000000000000000000e+00
6.094722000000000195e-01 5.562752499999999989e-01 -5.648905600000000415e-01 3.344756400000000185e-01
-1.881154300000000001e-02 -7.021718999999999600e-01 -7.117588999999999722e-01 8.729349999999999610e-02
-7.925841999999999610e-01 4.444237600000000010e-01 -4.174899000000000249e-01 6.216244699999999845e-01
0.000000000000000000e+00 0.000000000000000000e+00 0.000000000000000000e+00 1.000000000000000000e+00
6.104171000000000458e-01 5.527853000000000350e-01 -5.672911999999999955e-01 3.333034999999999748e-01
-1.986204000000000094e-02 -7.052967999999999460e-01 -7.086339000000000388e-01 8.771758500000000069e-02
-7.918311399999999889e-01 4.438298999999999994e-01 -4.195457699999999845e-01 6.219508599999999943e-01
0.000000000000000000e+00 0.000000000000000000e+00 0.000000000000000000e+00 1.000000100000000058e+00
6.115925300000000231e-01 5.495371000000000006e-01 -5.691779000000000144e-01 3.321157699999999768e-01
-2.043845500000000120e-02 -7.081963000000000008e-01 -7.057196999999999498e-01 8.808752999999999722e-02
-7.909087999999999674e-01 4.432460400000000078e-01 -4.218958600000000114e-01 6.222353600000000151e-01
0.000000000000000000e+00 0.000000000000000000e+00 0.000000000000000000e+00 1.000000000000000000e+00
6.133702399999999555e-01 5.470739999999999492e-01 -5.696375399999999978e-01 3.310467300000000113e-01
-1.988993799999999937e-02 -7.103184999999999638e-01 -7.035993299999999673e-01 8.912335000000000396e-02
-7.895450000000000523e-01 4.428970199999999746e-01 -4.248069800000000007e-01 6.226368500000000195e-01
0.000000000000000000e+00 0.000000000000000000e+00 0.000000000000000000e+00 1.000000000000000000e+00
6.167439000000000116e-01 5.442700000000000315e-01 -5.686801700000000404e-01 3.298774700000000060e-01
-1.855578999999999909e-02 -7.121888400000000452e-01 -7.017426500000000233e-01 8.968869000000000147e-02
-7.869451600000000324e-01 4.433478399999999930e-01 -4.291387500000000133e-01 6.230059999999999487e-01
0.000000000000000000e+00 0.000000000000000000e+00 0.000000000000000000e+00 1.000000000000000000e+00
6.213794400000000051e-01 5.412476699999999585e-01 -5.665143000000000262e-01 3.286813800000000230e-01
-1.629585000000000061e-02 -7.139628500000000377e-01 -6.999938500000000285e-01 9.013963499999999573e-02
-7.833402000000000420e-01 4.441937000000000246e-01 -4.348217200000000227e-01 6.233451399999999643e-01
0.000000000000000000e+00 0.000000000000000000e+00 0.000000000000000000e+00 9.999999400000000316e-01
6.268204000000000553e-01 5.373564400000000463e-01 -5.642200000000000548e-01 3.274516199999999988e-01
-1.395337099999999914e-02 -7.162777000000000172e-01 -6.976757999999999571e-01 9.058919499999999736e-02
-7.790388499999999494e-01 4.451901600000000014e-01 -4.414794699999999850e-01 6.236641000000000545e-01
0.000000000000000000e+00 0.000000000000000000e+00 0.000000000000000000e+00 1.000000000000000000e+00
6.316952999999999596e-01 5.336553000000000546e-01 -5.622928000000000370e-01 3.258128000000000135e-01
-1.180113099999999943e-02 -7.186323999999999490e-01 -6.952901000000000220e-01 9.174425999999999415e-02
-7.751270000000000104e-01 4.458471199999999857e-01 -4.476588699999999865e-01 6.241292999999999980e-01
0.000000000000000000e+00 0.000000000000000000e+00 0.000000000000000000e+00 1.000000000000000000e+00
6.356420000000000403e-01 5.304463499999999554e-01 -5.608794999999999753e-01 3.244651000000000063e-01
-9.872142999999999891e-03 -7.208983300000000316e-01 -6.929705999999999921e-01 9.245092400000000377e-02
-7.719208600000000420e-01 4.460182500000000050e-01 -4.529966000000000270e-01 6.246218999999999522e-01
0.000000000000000000e+00 0.000000000000000000e+00 0.000000000000000000e+00 1.000000000000000000e+00
6.389447499999999502e-01 5.272839999999999749e-01 -5.601080699999999579e-01 3.232595999999999803e-01
-7.789138699999999943e-03 -7.236479000000000106e-01 -6.901253000000000526e-01 9.308212999999999904e-02
-7.692131399999999619e-01 4.453147399999999867e-01 -4.582639299999999860e-01 6.252383999999999720e-01
0.000000000000000000e+00 0.000000000000000000e+00 0.000000000000000000e+00 9.999999400000000316e-01
6.418449000000000515e-01 5.247665599999999930e-01 -5.591557600000000017e-01 3.221441500000000180e-01
-5.630152999999999720e-03 -7.259295000000000053e-01 -6.877460499999999977e-01 9.374491999999999547e-02
-7.668137600000000109e-01 4.445744500000000099e-01 -4.629796700000000098e-01 6.260280999999999763e-01
0.000000000000000000e+00 0.000000000000000000e+00 0.000000000000000000e+00 1.000000000000000000e+00
6.447465999999999475e-01 5.231160500000000546e-01 -5.573612000000000011e-01 3.210979700000000103e-01
-2.884862000000000190e-03 -7.274815999999999505e-01 -6.861211000000000393e-01 9.440237999999999408e-02
-7.643909500000000135e-01 4.439821800000000040e-01 -4.675321599999999744e-01 6.269390999999999714e-01
0.000000000000000000e+00 0.000000000000000000e+00 0.000000000000000000e+00 1.000000100000000058e+00
6.479047999999999474e-01 5.224634999999999696e-01 -5.543025000000000313e-01 3.200829299999999877e-01
6.032096600000000234e-04 -7.280489999999999462e-01 -6.855248999999999926e-01 9.500685000000000380e-02
-7.617211000000000398e-01 4.438205000000000067e-01 -4.720215500000000119e-01 6.279301600000000150e-01
0.000000000000000000e+00 0.000000000000000000e+00 0.000000000000000000e+00 1.000000000000000000e+00
6.514575500000000519e-01 5.224672599999999889e-01 -5.501190400000000036e-01 3.181533200000000172e-01
4.101898500000000260e-03 -7.275104000000000015e-01 -6.860844000000000387e-01 9.601671999999999985e-02
-7.586739700000000308e-01 4.446984199999999832e-01 -4.760852999999999891e-01 6.292434999999999556e-01
0.000000000000000000e+00 0.000000000000000000e+00 0.000000000000000000e+00 9.999999400000000316e-01
6.550731699999999824e-01 5.223750999999999811e-01 -5.458969500000000474e-01 3.168039000000000271e-01
6.887652000000000184e-03 -7.265997499999999887e-01 -6.870264999999999844e-01 9.674304000000000237e-02
-7.555340499999999571e-01 4.462926700000000024e-01 -4.795738999999999974e-01 6.303222000000000547e-01
0.000000000000000000e+00 0.000000000000000000e+00 0.000000000000000000e+00 1.000000000000000000e+00
6.577537700000000154e-01 5.219686999999999522e-01 -5.430550600000000339e-01 3.155932000000000182e-01
8.618894000000000208e-03 -7.261338999999999988e-01 -6.874993400000000143e-01 9.736316999999999888e-02
-7.531837999999999589e-01 4.475247299999999817e-01 -4.821160400000000235e-01 6.312737000000000487e-01
0.000000000000000000e+00 0.000000000000000000e+00 0.000000000000000000e+00 1.000000000000000000e+00
6.587252599999999791e-01 5.215282399999999763e-01 -5.423000500000000335e-01 3.143779600000000118e-01
9.366642999999999150e-03 -7.264046699999999746e-01 -6.872034700000000385e-01 9.785509000000000568e-02
-7.523252999999999746e-01 4.475986699999999763e-01 -4.833859799999999929e-01 6.321301000000000281e-01
0.000000000000000000e+00 0.000000000000000000e+00 0.000000000000000000e+00 9.999999400000000316e-01
6.587777000000000216e-01 5.212431600000000387e-01 -5.425103000000000009e-01 3.130970299999999984e-01
9.692585999999999563e-03 -7.269199499999999814e-01 -6.866537999999999808e-01 9.820031999999999373e-02
-7.522751699999999930e-01 4.470938999999999885e-01 -4.839308999999999972e-01 6.328475500000000364e-01
0.000000000000000000e+00 0.000000000000000000e+00 0.000000000000000000e+00 1.000000000000000000e+00
6.590974299999999841e-01 5.215484999999999705e-01 -5.418281999999999821e-01 3.117628000000000066e-01
9.647881000000000512e-03 -7.262655000000000083e-01 -6.873466400000000087e-01 9.843522999999999856e-02
-7.519957000000000447e-01 4.478009299999999859e-01 -4.837116300000000035e-01 6.333741999999999983e-01
0.000000000000000000e+00 0.000000000000000000e+00 0.000000000000000000e+00 1.000000000000000000e+00
6.593714000000000519e-01 5.224134000000000277e-01 -5.406602999999999826e-01 3.101652999999999771e-01
9.425153999999999824e-03 -7.248253000000000057e-01 -6.888682000000000416e-01 9.922522000000000286e-02
-7.517582999999999904e-01 4.491242200000000184e-01 -4.828528500000000001e-01 6.341280299999999537e-01
0.000000000000000000e+00 0.000000000000000000e+00 0.000000000000000000e+00 1.000000000000000000e+00
6.603206400000000142e-01 5.226939000000000446e-01 -5.392288600000000320e-01 3.086251300000000253e-01
9.159092000000000622e-03 -7.235818000000000527e-01 -6.901777999999999524e-01 9.956803999999999655e-02
-7.509278999999999815e-01 4.507998500000000019e-01 -4.825833700000000115e-01 6.345988000000000184e-01
0.000000000000000000e+00 0.000000000000000000e+00 0.000000000000000000e+00 1.000000000000000000e+00
6.618091499999999572e-01 5.222864999999999869e-01 -5.377969999999999695e-01 3.070865600000000084e-01
9.135413999999999687e-03 -7.229413399999999879e-01 -6.908490699999999540e-01 9.978250399999999409e-02
-7.496167400000000036e-01 4.522972699999999735e-01 -4.832204299999999786e-01 6.350278999999999785e-01
0.000000000000000000e+00 0.000000000000000000e+00 0.000000000000000000e+00 1.000000000000000000e+00
6.634931600000000262e-01 5.211632000000000486e-01 -5.368106999999999740e-01 3.055384999999999907e-01
9.501818999999999890e-03 -7.232981299999999836e-01 -6.904704999999999870e-01 1.000271300000000058e-01
-7.481220400000000437e-01 4.530217599999999956e-01 -4.848552999999999891e-01 6.354956999999999967e-01
0.000000000000000000e+00 0.000000000000000000e+00 0.000000000000000000e+00 1.000000000000000000e+00
6.656171699999999802e-01 5.198348000000000413e-01 -5.354676000000000435e-01 3.039534700000000034e-01
1.117855100000000011e-02 -7.243671999999999889e-01 -6.893238000000000421e-01 1.003094000000000069e-01
-7.462096000000000284e-01 4.528400000000000203e-01 -4.879622499999999863e-01 6.359700600000000037e-01
0.000000000000000000e+00 0.000000000000000000e+00 0.000000000000000000e+00 1.000000100000000058e+00
6.669180999999999582e-01 5.171445000000000070e-01 -5.364530699999999763e-01 3.024059800000000187e-01
1.309948699999999994e-02 -7.279705400000000548e-01 -6.854833000000000176e-01 1.007779399999999964e-01
-7.450158599999999742e-01 4.501338999999999757e-01 -4.922710699999999773e-01 6.364693999999999630e-01
0.000000000000000000e+00 0.000000000000000000e+00 0.000000000000000000e+00 1.000000000000000000e+00
6.637353299999999567e-01 5.140375000000000361e-01 -5.433422999999999448e-01 3.010785300000000109e-01
1.691961999999999980e-02 -7.365576000000000345e-01 -6.761631000000000169e-01 1.014302299999999962e-01
-7.477761499999999728e-01 4.396002299999999807e-01 -4.975765600000000011e-01 6.371269999999999989e-01
0.000000000000000000e+00 0.000000000000000000e+00 0.000000000000000000e+00 9.999999400000000316e-01
6.630974400000000379e-01 5.126074000000000463e-01 -5.454681500000000405e-01 2.995370299999999819e-01
2.195328800000000136e-02 -7.417207000000000106e-01 -6.703495000000000426e-01 1.019705999999999946e-01
-7.482111500000000470e-01 4.325322200000000228e-01 -5.030864499999999628e-01 6.374319000000000512e-01
0.000000000000000000e+00 0.000000000000000000e+00 0.000000000000000000e+00 1.000000000000000000e+00
6.671432000000000473e-01 5.113309000000000326e-01 -5.417201000000000377e-01 2.974851000000000023e-01
2.751109599999999877e-02 -7.436260000000000092e-01 -6.680296000000000012e-01 1.029796300000000026e-01
-7.444213600000000319e-01 4.307681600000000111e-01 -5.101722499999999938e-01 6.369778000000000384e-01
0.000000000000000000e+00 0.000000000000000000e+00 0.000000000000000000e+00 1.000000000000000000e+00
6.723807000000000533e-01 5.095717300000000005e-01 -5.368805500000000119e-01 2.953387499999999832e-01
3.257229999999999848e-02 -7.449791000000000052e-01 -6.662919999999999954e-01 1.038450499999999943e-01
-7.394884000000000457e-01 4.305145400000000011e-01 -5.175075000000000092e-01 6.364471000000000434e-01
0.000000000000000000e+00 0.000000000000000000e+00 0.000000000000000000e+00 9.999999000000000526e-01
6.768380000000000507e-01 5.066336399999999962e-01 -5.340529999999999999e-01 2.931971299999999725e-01
3.588582199999999778e-02 -7.473315600000000059e-01 -6.634814999999999463e-01 1.049174600000000041e-01
-7.352567300000000250e-01 4.299046400000000046e-01 -5.240032700000000210e-01 6.359769699999999748e-01
0.000000000000000000e+00 0.000000000000000000e+00 0.000000000000000000e+00 9.999999000000000526e-01
6.794933699999999854e-01 5.030101500000000447e-01 -5.341061999999999754e-01 2.910781199999999957e-01
3.721835999999999894e-02 -7.506758599999999726e-01 -6.596215399999999507e-01 1.063345200000000018e-01
-7.327369500000000535e-01 4.283298999999999856e-01 -5.288003999999999483e-01 6.357059499999999641e-01
0.000000000000000000e+00 0.000000000000000000e+00 0.000000000000000000e+00 9.999999400000000316e-01
6.805058000000000495e-01 4.988933999999999869e-01 -5.366723500000000202e-01 2.889984500000000178e-01
3.601696299999999906e-02 -7.543047999999999975e-01 -6.555357600000000229e-01 1.081330800000000064e-01
-7.318569999999999798e-01 4.267665400000000275e-01 -5.312773600000000318e-01 6.356159399999999904e-01
0.000000000000000000e+00 0.000000000000000000e+00 0.000000000000000000e+00 1.000000100000000058e+00
6.808286300000000457e-01 4.949593800000000043e-01 -5.398959500000000133e-01 2.869037999999999866e-01
3.255890000000000173e-02 -7.568399999999999572e-01 -6.527887599999999679e-01 1.102823200000000031e-01
-7.317188000000000025e-01 4.268587799999999932e-01 -5.313936000000000215e-01 6.356346000000000496e-01
0.000000000000000000e+00 0.000000000000000000e+00 0.000000000000000000e+00 1.000000000000000000e+00
6.803366499999999872e-01 4.911519599999999985e-01 -5.439777399999999874e-01 2.847555299999999789e-01
2.736838499999999855e-02 -7.587344999999999784e-01 -6.508247999999999811e-01 1.132543800000000017e-01
