{
 "cells": [
  {
   "cell_type": "code",
   "execution_count": 2,
   "metadata": {},
   "outputs": [
    {
     "name": "stdout",
     "output_type": "stream",
     "text": [
      "Jupyter environment detected. Enabling Open3D WebVisualizer.\n",
      "[Open3D INFO] WebRTC GUI backend enabled.\n",
      "[Open3D INFO] WebRTCWindowSystem: HTTP handshake server disabled.\n"
     ]
    }
   ],
   "source": [
    "import glob\n",
    "import os\n",
    "import pickle\n",
    "import time\n",
    "import matplotlib.pyplot as plt\n",
    "import cv2\n",
    "import numpy as np\n",
    "import torch\n",
    "import torch.nn.functional as F\n",
    "from scripts.gifMaker import color_gif_from_array, make_gif_from_array\n",
    "from src.common import as_intrinsics_matrix\n",
    "from torch.utils.data import Dataset\n",
    "import threading\n",
    "from tqdm import tqdm\n",
    "from src.utils.datasets import get_dataset\n",
    "import time\n",
    "\n",
    "import torch.multiprocessing as mp\n",
    "from src.utils import backproject, create_instance_seg, id_generation, vis\n",
    "import argparse\n",
    "from src.NICE_SLAM import NICE_SLAM\n",
    "from src import config\n",
    "import seaborn as sns"
   ]
  },
  {
   "cell_type": "markdown",
   "metadata": {},
   "source": [
    "## render traj"
   ]
  },
  {
   "cell_type": "code",
   "execution_count": 3,
   "metadata": {},
   "outputs": [
    {
     "name": "stderr",
     "output_type": "stream",
     "text": [
      "usage: ipykernel_launcher.py [-h] [--output OUTPUT]\n",
      "                             [--input_folder INPUT_FOLDER] [--nice | --imap]\n",
      "                             config checkpoint trajectory\n",
      "ipykernel_launcher.py: error: the following arguments are required: config, checkpoint, trajectory\n"
     ]
    },
    {
     "ename": "SystemExit",
     "evalue": "2",
     "output_type": "error",
     "traceback": [
      "An exception has occurred, use %tb to see the full traceback.\n",
      "\u001b[0;31mSystemExit\u001b[0m\u001b[0;31m:\u001b[0m 2\n"
     ]
    },
    {
     "name": "stderr",
     "output_type": "stream",
     "text": [
      "/home/rozenberszki/anaconda3/envs/wsnsl/lib/python3.7/site-packages/IPython/core/interactiveshell.py:3532: UserWarning: To exit: use 'exit', 'quit', or Ctrl-D.\n",
      "  warn(\"To exit: use 'exit', 'quit', or Ctrl-D.\", stacklevel=1)\n"
     ]
    }
   ],
   "source": [
    "def main():\n",
    "    parser = argparse.ArgumentParser(\n",
    "        description=\"Arguments for running the NICE-SLAM/iMAP*.\"\n",
    "    )\n",
    "    parser.add_argument(\"config\", type=str, help=\"Path to config file.\")\n",
    "    parser.add_argument(\"checkpoint\", type=str, help=\"Path to the checkpoint file.\")\n",
    "    parser.add_argument(\"trajectory\", type=str, help=\"Path to the trajectory file.\")\n",
    "    parser.add_argument(\n",
    "        \"--output\",\n",
    "        type=str,\n",
    "        help=\"output folder, this have higher priority, can overwrite the one in config file\",\n",
    "    )\n",
    "    parser.add_argument(\n",
    "        \"--input_folder\",\n",
    "        type=str,\n",
    "        help=\"input folder, this have higher priority, can overwrite the one in config file\",\n",
    "    )\n",
    "    nice_parser = parser.add_mutually_exclusive_group(required=False)\n",
    "    nice_parser.add_argument(\"--nice\", dest=\"nice\", action=\"store_true\")\n",
    "    nice_parser.add_argument(\"--imap\", dest=\"nice\", action=\"store_false\")\n",
    "    parser.set_defaults(nice=True)\n",
    "\n",
    "    args = parser.parse_args()\n",
    "    cfg = config.load_config(  # J:changed it to use our config file including semantics\n",
    "        args.config, \"configs/nice_slam_sem.yaml\" if args.nice else \"configs/imap.yaml\"\n",
    "    )\n",
    "    if args.output:\n",
    "        path = args.output\n",
    "    else:\n",
    "        path = None\n",
    "    slam = NICE_SLAM(cfg, args)\n",
    "    slam.set_log_dict(args.checkpoint)\n",
    "    poses = np.loadtxt(args.trajectory)\n",
    "    poses = poses.reshape(-1, 4, 4)\n",
    "    # poses = poses[::-1, :, :]\n",
    "    # poses = poses.copy()\n",
    "    poses = torch.from_numpy(poses).float()\n",
    "    render_gif(slam, poses, path)\n",
    "\n",
    "\n",
    "def render_gif(slam, poses, path=None):\n",
    "    if path is None:\n",
    "        path = \"run_traj_reversed/\"\n",
    "    else:\n",
    "        path = path + \"/\"\n",
    "    os.makedirs(path, exist_ok=True)\n",
    "    visualizerForId = vis.visualizerForIds()\n",
    "    depths, colors, semantics = [], [], []\n",
    "    for i, c2w in tqdm(enumerate(poses)):\n",
    "        c2w[:3, 1] *= -1\n",
    "        c2w[:3, 2] *= -1\n",
    "        depth, _, color, semantic = slam.vis_renderer.render_img(\n",
    "            slam.shared_c,\n",
    "            slam.shared_decoders,\n",
    "            c2w.to(\"cuda\"),\n",
    "            \"cuda\",\n",
    "            stage=\"visualize\",\n",
    "            gt_depth=None,\n",
    "        )\n",
    "        depth_np = depth.detach().cpu().numpy()\n",
    "        color_np = color.detach().cpu().numpy()\n",
    "        color_np = np.clip(color_np, 0, 1)\n",
    "        semantic_np = semantic.detach().cpu().numpy()\n",
    "        semantic_argmax = np.argmax(semantic_np, axis=2)\n",
    "        depths.append(depth_np)\n",
    "        colors.append(color_np)\n",
    "        semantics.append(semantic_argmax)\n",
    "        fig, ax = plt.subplots(1, 3, figsize=(15, 5))\n",
    "        ax[0].imshow(color_np)\n",
    "        ax[1].imshow(depth_np / np.max(depth_np))\n",
    "        ax[2], _ = visualizerForId.visualize(semantic_argmax, ax=ax[2])\n",
    "        plt.savefig(f\"{path}frame_{i*4}.png\")\n",
    "        plt.close(fig)\n",
    "\n",
    "    depths = np.stack(depths)\n",
    "    depths /= np.max(depths)\n",
    "\n",
    "    color_gif_from_array(colors, \"test_color.gif\")\n",
    "    color_gif_from_array(depths, \"test_depth.gif\")\n",
    "    make_gif_from_array(semantics, \"test_semantic.gif\")\n",
    "\n",
    "\n",
    "if __name__ == \"__main__\":\n",
    "    main()"
   ]
  },
  {
   "cell_type": "code",
   "execution_count": 7,
   "metadata": {},
   "outputs": [],
   "source": [
    "parser = argparse.ArgumentParser(\n",
    "    description=\"Arguments for running the NICE-SLAM/iMAP*.\"\n",
    ")\n",
    "parser.add_argument(\"config\", type=str, help=\"Path to config file.\")\n",
    "parser.add_argument(\"checkpoint\", type=str, help=\"Path to the checkpoint file.\")\n",
    "parser.add_argument(\"trajectory\", type=str, help=\"Path to the trajectory file.\")\n",
    "parser.add_argument(\n",
    "    \"--output\",\n",
    "    type=str,\n",
    "    help=\"output folder, this have higher priority, can overwrite the one in config file\",\n",
    ")\n",
    "parser.add_argument(\n",
    "    \"--input_folder\",\n",
    "    type=str,\n",
    "    help=\"input folder, this have higher priority, can overwrite the one in config file\",\n",
    ")\n",
    "nice_parser = parser.add_mutually_exclusive_group(required=False)\n",
    "nice_parser.add_argument(\"--nice\", dest=\"nice\", action=\"store_true\")\n",
    "nice_parser.add_argument(\"--imap\", dest=\"nice\", action=\"store_false\")\n",
    "parser.set_defaults(nice=True)\n",
    "\n",
    "args = parser.parse_args(args = [\"configs/Own/room0_panoptic.yaml\",\"/home/rozenberszki/project/wsnsl/output/Own/room0_panoptic/ckpts/00200.tar\",\"/home/rozenberszki/project/wsnsl/Datasets/Replica/room0_panoptic/traj.txt\"])"
   ]
  },
  {
   "cell_type": "code",
   "execution_count": 8,
   "metadata": {},
   "outputs": [
    {
     "name": "stdout",
     "output_type": "stream",
     "text": [
      "INFO: The output folder is output/Own/room0_panoptic\n",
      "INFO: The GT, generated and residual depth/color images can be found under output/Own/room0_panoptic/mapping_vis/\n",
      "INFO: The mesh can be found under output/Own/room0_panoptic/mesh/\n",
      "INFO: The checkpoint can be found under output/Own/room0_panoptic/ckpt/\n"
     ]
    }
   ],
   "source": [
    "cfg = config.load_config(  # J:changed it to use our config file including semantics\n",
    "        args.config, \"configs/nice_slam_sem.yaml\" if args.nice else \"configs/imap.yaml\"\n",
    "    )\n",
    "slam = NICE_SLAM(cfg, args)"
   ]
  },
  {
   "cell_type": "code",
   "execution_count": 10,
   "metadata": {},
   "outputs": [],
   "source": [
    "slam.set_log_dict(\"/home/rozenberszki/project/wsnsl/output/Own/room0_panoptic/ckpts/00200.tar\", map_location='cuda')"
   ]
  },
  {
   "cell_type": "code",
   "execution_count": 11,
   "metadata": {},
   "outputs": [
    {
     "data": {
      "text/plain": [
       "[tensor([[-0.3901, -0.0472, -0.9196,  1.8004],\n",
       "         [-0.9208,  0.0200,  0.3896,  2.1238],\n",
       "         [-0.0000,  0.9987, -0.0512, -0.4439],\n",
       "         [ 0.0000,  0.0000,  0.0000,  1.0000]]),\n",
       " tensor([[-0.3951, -0.0372, -0.9179,  1.7828],\n",
       "         [-0.9186,  0.0160,  0.3948,  2.1309],\n",
       "         [-0.0000,  0.9992, -0.0405, -0.4410],\n",
       "         [ 0.0000,  0.0000,  0.0000,  1.0000]]),\n",
       " tensor([[-0.3989, -0.0274, -0.9166,  1.7646],\n",
       "         [-0.9170,  0.0119,  0.3988,  2.1367],\n",
       "         [-0.0000,  0.9996, -0.0299, -0.4375],\n",
       "         [ 0.0000,  0.0000,  0.0000,  1.0000]]),\n",
       " tensor([[-0.4031, -0.0083, -0.9151,  1.7261],\n",
       "         [-0.9152,  0.0036,  0.4031,  2.1445],\n",
       "         [-0.0000,  1.0000, -0.0090, -0.4287],\n",
       "         [ 0.0000,  0.0000,  0.0000,  1.0000]]),\n",
       " tensor([[-4.0352e-01,  9.9948e-04, -9.1497e-01,  1.7060e+00],\n",
       "         [-9.1497e-01, -4.4079e-04,  4.0352e-01,  2.1466e+00],\n",
       "         [-0.0000e+00,  1.0000e+00,  1.0924e-03, -4.2345e-01],\n",
       "         [ 0.0000e+00,  0.0000e+00,  0.0000e+00,  1.0000e+00]]),\n",
       " tensor([[-0.4030,  0.0101, -0.9152,  1.6854],\n",
       "         [-0.9152, -0.0044,  0.4029,  2.1475],\n",
       "         [-0.0000,  0.9999,  0.0110, -0.4177],\n",
       "         [ 0.0000,  0.0000,  0.0000,  1.0000]]),\n",
       " tensor([[-0.3991,  0.0275, -0.9165,  1.6426],\n",
       "         [-0.9169, -0.0120,  0.3989,  2.1459],\n",
       "         [-0.0000,  0.9996,  0.0300, -0.4048],\n",
       "         [ 0.0000,  0.0000,  0.0000,  1.0000]]),\n",
       " tensor([[-0.3959,  0.0359, -0.9176,  1.6206],\n",
       "         [-0.9183, -0.0155,  0.3956,  2.1434],\n",
       "         [-0.0000,  0.9992,  0.0390, -0.3976],\n",
       "         [ 0.0000,  0.0000,  0.0000,  1.0000]]),\n",
       " tensor([[-0.3919,  0.0440, -0.9190,  1.5982],\n",
       "         [-0.9200, -0.0187,  0.3915,  2.1399],\n",
       "         [-0.0000,  0.9989,  0.0478, -0.3901],\n",
       "         [ 0.0000,  0.0000,  0.0000,  1.0000]]),\n",
       " tensor([[-0.3819,  0.0594, -0.9223,  1.5524],\n",
       "         [-0.9242, -0.0246,  0.3811,  2.1298],\n",
       "         [-0.0000,  0.9979,  0.0643, -0.3737],\n",
       "         [ 0.0000,  0.0000,  0.0000,  1.0000]]),\n",
       " tensor([[-0.3759,  0.0668, -0.9243,  1.5290],\n",
       "         [-0.9267, -0.0271,  0.3749,  2.1232],\n",
       "         [-0.0000,  0.9974,  0.0721, -0.3650],\n",
       "         [ 0.0000,  0.0000,  0.0000,  1.0000]]),\n",
       " tensor([[-0.3694,  0.0738, -0.9263,  1.5054],\n",
       "         [-0.9293, -0.0293,  0.3682,  2.1158],\n",
       "         [-0.0000,  0.9968,  0.0794, -0.3559],\n",
       "         [ 0.0000,  0.0000,  0.0000,  1.0000]]),\n",
       " tensor([[-0.3548,  0.0871, -0.9309,  1.4577],\n",
       "         [-0.9349, -0.0331,  0.3533,  2.0981],\n",
       "         [-0.0000,  0.9957,  0.0932, -0.3369],\n",
       "         [ 0.0000,  0.0000,  0.0000,  1.0000]]),\n",
       " tensor([[-0.3469,  0.0933, -0.9332,  1.4336],\n",
       "         [-0.9379, -0.0345,  0.3452,  2.0880],\n",
       "         [-0.0000,  0.9950,  0.0995, -0.3269],\n",
       "         [ 0.0000,  0.0000,  0.0000,  1.0000]]),\n",
       " tensor([[-0.3386,  0.0992, -0.9357,  1.4095],\n",
       "         [-0.9409, -0.0357,  0.3367,  2.0771],\n",
       "         [-0.0000,  0.9944,  0.1054, -0.3167],\n",
       "         [ 0.0000,  0.0000,  0.0000,  1.0000]]),\n",
       " tensor([[-0.3211,  0.1100, -0.9406,  1.3610],\n",
       "         [-0.9470, -0.0373,  0.3189,  2.0529],\n",
       "         [-0.0000,  0.9932,  0.1161, -0.2957],\n",
       "         [ 0.0000,  0.0000,  0.0000,  1.0000]]),\n",
       " tensor([[-0.3119,  0.1149, -0.9431,  1.3369],\n",
       "         [-0.9501, -0.0377,  0.3096,  2.0397],\n",
       "         [-0.0000,  0.9927,  0.1210, -0.2848],\n",
       "         [ 0.0000,  0.0000,  0.0000,  1.0000]]),\n",
       " tensor([[-0.3025,  0.1196, -0.9456,  1.3127],\n",
       "         [-0.9531, -0.0379,  0.3001,  2.0258],\n",
       "         [-0.0000,  0.9921,  0.1254, -0.2738],\n",
       "         [ 0.0000,  0.0000,  0.0000,  1.0000]]),\n",
       " tensor([[-0.2832,  0.1278, -0.9505,  1.2649],\n",
       "         [-0.9591, -0.0377,  0.2807,  1.9960],\n",
       "         [-0.0000,  0.9911,  0.1332, -0.2514],\n",
       "         [ 0.0000,  0.0000,  0.0000,  1.0000]]),\n",
       " tensor([[-0.2733,  0.1314, -0.9529,  1.2412],\n",
       "         [-0.9619, -0.0373,  0.2708,  1.9801],\n",
       "         [-0.0000,  0.9906,  0.1366, -0.2401],\n",
       "         [ 0.0000,  0.0000,  0.0000,  1.0000]]),\n",
       " tensor([[-0.2634,  0.1347, -0.9552,  1.2177],\n",
       "         [-0.9647, -0.0368,  0.2608,  1.9637],\n",
       "         [-0.0000,  0.9902,  0.1396, -0.2286],\n",
       "         [ 0.0000,  0.0000,  0.0000,  1.0000]]),\n",
       " tensor([[-0.2433,  0.1402, -0.9598,  1.1715],\n",
       "         [-0.9700, -0.0352,  0.2407,  1.9292],\n",
       "         [-0.0000,  0.9895,  0.1446, -0.2056],\n",
       "         [ 0.0000,  0.0000,  0.0000,  1.0000]]),\n",
       " tensor([[-0.2332,  0.1425, -0.9619,  1.1489],\n",
       "         [-0.9724, -0.0342,  0.2307,  1.9113],\n",
       "         [-0.0000,  0.9892,  0.1465, -0.1941],\n",
       "         [ 0.0000,  0.0000,  0.0000,  1.0000]]),\n",
       " tensor([[-0.2231,  0.1444, -0.9640,  1.1267],\n",
       "         [-0.9748, -0.0330,  0.2206,  1.8928],\n",
       "         [-0.0000,  0.9890,  0.1481, -0.1826],\n",
       "         [ 0.0000,  0.0000,  0.0000,  1.0000]]),\n",
       " tensor([[-0.2029,  0.1472, -0.9681,  1.0835],\n",
       "         [-0.9792, -0.0305,  0.2006,  1.8547],\n",
       "         [-0.0000,  0.9886,  0.1503, -0.1597],\n",
       "         [ 0.0000,  0.0000,  0.0000,  1.0000]]),\n",
       " tensor([[-0.1929,  0.1480, -0.9700,  1.0626],\n",
       "         [-0.9812, -0.0291,  0.1907,  1.8350],\n",
       "         [-0.0000,  0.9886,  0.1509, -0.1483],\n",
       "         [ 0.0000,  0.0000,  0.0000,  1.0000]]),\n",
       " tensor([[-0.1829,  0.1486, -0.9718,  1.0422],\n",
       "         [-0.9831, -0.0276,  0.1808,  1.8151],\n",
       "         [-0.0000,  0.9885,  0.1512, -0.1370],\n",
       "         [ 0.0000,  0.0000,  0.0000,  1.0000]]),\n",
       " tensor([[-0.1630,  0.1489, -0.9753,  1.0031],\n",
       "         [-0.9866, -0.0246,  0.1611,  1.7742],\n",
       "         [-0.0000,  0.9886,  0.1509, -0.1149],\n",
       "         [ 0.0000,  0.0000,  0.0000,  1.0000]]),\n",
       " tensor([[-0.1531,  0.1486, -0.9770,  0.9845],\n",
       "         [-0.9882, -0.0230,  0.1514,  1.7534],\n",
       "         [-0.0000,  0.9886,  0.1504, -0.1041],\n",
       "         [ 0.0000,  0.0000,  0.0000,  1.0000]]),\n",
       " tensor([[-0.1433,  0.1481, -0.9785,  0.9666],\n",
       "         [-0.9897, -0.0214,  0.1417,  1.7323],\n",
       "         [-0.0000,  0.9887,  0.1496, -0.0934],\n",
       "         [ 0.0000,  0.0000,  0.0000,  1.0000]]),\n",
       " tensor([[-0.1237,  0.1464, -0.9815,  0.9329],\n",
       "         [-0.9923, -0.0183,  0.1224,  1.6897],\n",
       "         [-0.0000,  0.9891,  0.1475, -0.0728],\n",
       "         [ 0.0000,  0.0000,  0.0000,  1.0000]]),\n",
       " tensor([[-0.1140,  0.1452, -0.9828,  0.9172],\n",
       "         [-0.9935, -0.0167,  0.1128,  1.6682],\n",
       "         [-0.0000,  0.9893,  0.1462, -0.0628],\n",
       "         [ 0.0000,  0.0000,  0.0000,  1.0000]]),\n",
       " tensor([[-0.1044,  0.1439, -0.9841,  0.9023],\n",
       "         [-0.9945, -0.0151,  0.1033,  1.6465],\n",
       "         [-0.0000,  0.9895,  0.1447, -0.0531],\n",
       "         [ 0.0000,  0.0000,  0.0000,  1.0000]]),\n",
       " tensor([[-0.0853,  0.1408, -0.9864,  0.8752],\n",
       "         [-0.9964, -0.0120,  0.0844,  1.6031],\n",
       "         [-0.0000,  0.9900,  0.1413, -0.0347],\n",
       "         [ 0.0000,  0.0000,  0.0000,  1.0000]]),\n",
       " tensor([[-0.0758,  0.1390, -0.9874,  0.8630],\n",
       "         [-0.9971, -0.0106,  0.0751,  1.5813],\n",
       "         [-0.0000,  0.9902,  0.1394, -0.0259],\n",
       "         [ 0.0000,  0.0000,  0.0000,  1.0000]]),\n",
       " tensor([[-0.0665,  0.1371, -0.9883,  0.8518],\n",
       "         [-0.9978, -0.0091,  0.0658,  1.5596],\n",
       "         [-0.0000,  0.9905,  0.1374, -0.0176],\n",
       "         [ 0.0000,  0.0000,  0.0000,  1.0000]]),\n",
       " tensor([[-0.0480,  0.1331, -0.9899,  0.8325],\n",
       "         [-0.9988, -0.0064,  0.0476,  1.5163],\n",
       "         [-0.0000,  0.9911,  0.1332, -0.0020],\n",
       "         [ 0.0000,  0.0000,  0.0000,  1.0000]]),\n",
       " tensor([[-0.0389,  0.1310, -0.9906,  0.8244],\n",
       "         [-0.9992, -0.0051,  0.0386,  1.4948],\n",
       "         [-0.0000,  0.9914,  0.1311,  0.0052],\n",
       "         [ 0.0000,  0.0000,  0.0000,  1.0000]]),\n",
       " tensor([[-0.0299,  0.1288, -0.9912,  0.8174],\n",
       "         [-0.9996, -0.0039,  0.0297,  1.4734],\n",
       "         [-0.0000,  0.9917,  0.1289,  0.0119],\n",
       "         [ 0.0000,  0.0000,  0.0000,  1.0000]]),\n",
       " tensor([[-0.0123,  0.1244, -0.9922,  0.8071],\n",
       "         [-0.9999, -0.0015,  0.0122,  1.4313],\n",
       "         [-0.0000,  0.9922,  0.1244,  0.0239],\n",
       "         [ 0.0000,  0.0000,  0.0000,  1.0000]]),\n",
       " tensor([[-3.6361e-03,  1.2221e-01, -9.9250e-01,  8.0371e-01],\n",
       "         [-9.9999e-01, -4.4438e-04,  3.6089e-03,  1.4105e+00],\n",
       "         [-0.0000e+00,  9.9250e-01,  1.2221e-01,  2.9080e-02],\n",
       "         [ 0.0000e+00,  0.0000e+00,  0.0000e+00,  1.0000e+00]]),\n",
       " tensor([[ 4.8472e-03,  1.2004e-01, -9.9276e-01,  8.0164e-01],\n",
       "         [-9.9999e-01,  5.8189e-04, -4.8122e-03,  1.3900e+00],\n",
       "         [ 0.0000e+00,  9.9277e-01,  1.2005e-01,  3.3772e-02],\n",
       "         [ 0.0000e+00,  0.0000e+00,  0.0000e+00,  1.0000e+00]]),\n",
       " tensor([[ 0.0213,  0.1159, -0.9930,  0.8015],\n",
       "         [-0.9998,  0.0025, -0.0212,  1.3499],\n",
       "         [ 0.0000,  0.9933,  0.1159,  0.0415],\n",
       "         [ 0.0000,  0.0000,  0.0000,  1.0000]]),\n",
       " tensor([[ 0.0293,  0.1139, -0.9931,  0.8034],\n",
       "         [-0.9996,  0.0033, -0.0291,  1.3303],\n",
       "         [ 0.0000,  0.9935,  0.1140,  0.0444],\n",
       "         [ 0.0000,  0.0000,  0.0000,  1.0000]]),\n",
       " tensor([[ 0.0371,  0.1120, -0.9930,  0.8068],\n",
       "         [-0.9993,  0.0042, -0.0369,  1.3112],\n",
       "         [ 0.0000,  0.9937,  0.1121,  0.0467],\n",
       "         [ 0.0000,  0.0000,  0.0000,  1.0000]]),\n",
       " tensor([[ 0.0521,  0.1087, -0.9927,  0.8180],\n",
       "         [-0.9986,  0.0057, -0.0518,  1.2741],\n",
       "         [ 0.0000,  0.9941,  0.1089,  0.0494],\n",
       "         [ 0.0000,  0.0000,  0.0000,  1.0000]]),\n",
       " tensor([[ 0.0593,  0.1074, -0.9925,  0.8259],\n",
       "         [-0.9982,  0.0064, -0.0589,  1.2562],\n",
       "         [ 0.0000,  0.9942,  0.1075,  0.0498],\n",
       "         [ 0.0000,  0.0000,  0.0000,  1.0000]]),\n",
       " tensor([[ 0.0662,  0.1062, -0.9921,  0.8354],\n",
       "         [-0.9978,  0.0070, -0.0658,  1.2389],\n",
       "         [ 0.0000,  0.9943,  0.1064,  0.0494],\n",
       "         [ 0.0000,  0.0000,  0.0000,  1.0000]]),\n",
       " tensor([[ 0.0792,  0.1045, -0.9914,  0.8592],\n",
       "         [-0.9969,  0.0083, -0.0787,  1.2058],\n",
       "         [ 0.0000,  0.9945,  0.1048,  0.0464],\n",
       "         [ 0.0000,  0.0000,  0.0000,  1.0000]]),\n",
       " tensor([[ 0.0852,  0.1041, -0.9909,  0.8737],\n",
       "         [-0.9964,  0.0089, -0.0847,  1.1901],\n",
       "         [ 0.0000,  0.9945,  0.1045,  0.0437],\n",
       "         [ 0.0000,  0.0000,  0.0000,  1.0000]]),\n",
       " tensor([[ 0.0909,  0.1040, -0.9904,  0.8898],\n",
       "         [-0.9959,  0.0095, -0.0904,  1.1750],\n",
       "         [ 0.0000,  0.9945,  0.1045,  0.0403],\n",
       "         [ 0.0000,  0.0000,  0.0000,  1.0000]]),\n",
       " tensor([[ 0.1014,  0.1050, -0.9893,  0.9265],\n",
       "         [-0.9948,  0.0107, -0.1008,  1.1465],\n",
       "         [ 0.0000,  0.9944,  0.1055,  0.0312],\n",
       "         [ 0.0000,  0.0000,  0.0000,  1.0000]]),\n",
       " tensor([[ 0.1061,  0.1062, -0.9887,  0.9467],\n",
       "         [-0.9944,  0.0113, -0.1055,  1.1329],\n",
       "         [ 0.0000,  0.9943,  0.1068,  0.0258],\n",
       "         [ 0.0000,  0.0000,  0.0000,  1.0000]]),\n",
       " tensor([[ 0.1104,  0.1078, -0.9880,  0.9679],\n",
       "         [-0.9939,  0.0120, -0.1097,  1.1197],\n",
       "         [ 0.0000,  0.9941,  0.1085,  0.0198],\n",
       "         [ 0.0000,  0.0000,  0.0000,  1.0000]]),\n",
       " tensor([[ 0.1180,  0.1128, -0.9866,  1.0124],\n",
       "         [-0.9930,  0.0134, -0.1172,  1.0941],\n",
       "         [ 0.0000,  0.9935,  0.1136,  0.0066],\n",
       "         [ 0.0000,  0.0000,  0.0000,  1.0000]]),\n",
       " tensor([[ 1.2125e-01,  1.1606e-01, -9.8581e-01,  1.0353e+00],\n",
       "         [-9.9262e-01,  1.4177e-02, -1.2042e-01,  1.0816e+00],\n",
       "         [ 0.0000e+00,  9.9314e-01,  1.1693e-01, -5.8064e-04],\n",
       "         [ 0.0000e+00,  0.0000e+00,  0.0000e+00,  1.0000e+00]]),\n",
       " tensor([[ 0.1242,  0.1198, -0.9850,  1.0585],\n",
       "         [-0.9923,  0.0150, -0.1233,  1.0692],\n",
       "         [ 0.0000,  0.9927,  0.1208, -0.0080],\n",
       "         [ 0.0000,  0.0000,  0.0000,  1.0000]]),\n",
       " tensor([[ 0.1295,  0.1288, -0.9832,  1.1046],\n",
       "         [-0.9916,  0.0168, -0.1284,  1.0446],\n",
       "         [ 0.0000,  0.9915,  0.1299, -0.0232],\n",
       "         [ 0.0000,  0.0000,  0.0000,  1.0000]]),\n",
       " tensor([[ 0.1318,  0.1340, -0.9822,  1.1272],\n",
       "         [-0.9913,  0.0178, -0.1305,  1.0321],\n",
       "         [ 0.0000,  0.9908,  0.1351, -0.0310],\n",
       "         [ 0.0000,  0.0000,  0.0000,  1.0000]]),\n",
       " tensor([[ 0.1338,  0.1396, -0.9811,  1.1492],\n",
       "         [-0.9910,  0.0188, -0.1325,  1.0195],\n",
       "         [ 0.0000,  0.9900,  0.1408, -0.0387],\n",
       "         [ 0.0000,  0.0000,  0.0000,  1.0000]]),\n",
       " tensor([[ 0.1376,  0.1519, -0.9788,  1.1908],\n",
       "         [-0.9905,  0.0211, -0.1360,  0.9937],\n",
       "         [ 0.0000,  0.9882,  0.1534, -0.0537],\n",
       "         [ 0.0000,  0.0000,  0.0000,  1.0000]]),\n",
       " tensor([[ 0.1393,  0.1586, -0.9775,  1.2099],\n",
       "         [-0.9902,  0.0223, -0.1375,  0.9803],\n",
       "         [ 0.0000,  0.9871,  0.1602, -0.0610],\n",
       "         [ 0.0000,  0.0000,  0.0000,  1.0000]]),\n",
       " tensor([[ 0.1410,  0.1656, -0.9761,  1.2277],\n",
       "         [-0.9900,  0.0236, -0.1390,  0.9664],\n",
       "         [ 0.0000,  0.9859,  0.1673, -0.0679],\n",
       "         [ 0.0000,  0.0000,  0.0000,  1.0000]]),\n",
       " tensor([[ 0.1443,  0.1803, -0.9730,  1.2586],\n",
       "         [-0.9895,  0.0263, -0.1419,  0.9373],\n",
       "         [ 0.0000,  0.9833,  0.1822, -0.0805],\n",
       "         [ 0.0000,  0.0000,  0.0000,  1.0000]]),\n",
       " tensor([[ 0.1460,  0.1880, -0.9713,  1.2712],\n",
       "         [-0.9893,  0.0277, -0.1433,  0.9219],\n",
       "         [ 0.0000,  0.9818,  0.1900, -0.0861],\n",
       "         [ 0.0000,  0.0000,  0.0000,  1.0000]]),\n",
       " tensor([[ 0.1478,  0.1957, -0.9695,  1.2817],\n",
       "         [-0.9890,  0.0292, -0.1449,  0.9059],\n",
       "         [ 0.0000,  0.9802,  0.1979, -0.0911],\n",
       "         [ 0.0000,  0.0000,  0.0000,  1.0000]]),\n",
       " tensor([[ 0.1518,  0.2113, -0.9656,  1.2956],\n",
       "         [-0.9884,  0.0325, -0.1483,  0.8715],\n",
       "         [ 0.0000,  0.9769,  0.2137, -0.0991],\n",
       "         [ 0.0000,  0.0000,  0.0000,  1.0000]]),\n",
       " tensor([[ 0.1542,  0.2190, -0.9635,  1.2986],\n",
       "         [-0.9880,  0.0342, -0.1503,  0.8530],\n",
       "         [ 0.0000,  0.9751,  0.2216, -0.1019],\n",
       "         [ 0.0000,  0.0000,  0.0000,  1.0000]]),\n",
       " tensor([[ 0.1568,  0.2265, -0.9613,  1.2988],\n",
       "         [-0.9876,  0.0359, -0.1526,  0.8337],\n",
       "         [ 0.0000,  0.9734,  0.2293, -0.1039],\n",
       "         [ 0.0000,  0.0000,  0.0000,  1.0000]]),\n",
       " tensor([[ 0.1627,  0.2408, -0.9568,  1.2908],\n",
       "         [-0.9867,  0.0397, -0.1578,  0.7924],\n",
       "         [ 0.0000,  0.9698,  0.2441, -0.1052],\n",
       "         [ 0.0000,  0.0000,  0.0000,  1.0000]]),\n",
       " tensor([[ 0.1662,  0.2475, -0.9545,  1.2831],\n",
       "         [-0.9861,  0.0417, -0.1609,  0.7708],\n",
       "         [ 0.0000,  0.9680,  0.2510, -0.1046],\n",
       "         [ 0.0000,  0.0000,  0.0000,  1.0000]]),\n",
       " tensor([[ 0.1699,  0.2538, -0.9522,  1.2732],\n",
       "         [-0.9855,  0.0438, -0.1642,  0.7487],\n",
       "         [ 0.0000,  0.9663,  0.2575, -0.1031],\n",
       "         [ 0.0000,  0.0000,  0.0000,  1.0000]]),\n",
       " tensor([[ 0.1783,  0.2649, -0.9477,  1.2479],\n",
       "         [-0.9840,  0.0480, -0.1717,  0.7033],\n",
       "         [ 0.0000,  0.9631,  0.2692, -0.0977],\n",
       "         [ 0.0000,  0.0000,  0.0000,  1.0000]]),\n",
       " tensor([[ 0.1829,  0.2696, -0.9454,  1.2330],\n",
       "         [-0.9831,  0.0502, -0.1759,  0.6804],\n",
       "         [ 0.0000,  0.9617,  0.2743, -0.0938],\n",
       "         [ 0.0000,  0.0000,  0.0000,  1.0000]]),\n",
       " tensor([[ 0.1879,  0.2738, -0.9433,  1.2167],\n",
       "         [-0.9822,  0.0524, -0.1805,  0.6574],\n",
       "         [ 0.0000,  0.9604,  0.2787, -0.0891],\n",
       "         [ 0.0000,  0.0000,  0.0000,  1.0000]]),\n",
       " tensor([[ 0.1988,  0.2801, -0.9392,  1.1815],\n",
       "         [-0.9800,  0.0568, -0.1905,  0.6118],\n",
       "         [ 0.0000,  0.9583,  0.2858, -0.0773],\n",
       "         [ 0.0000,  0.0000,  0.0000,  1.0000]]),\n",
       " tensor([[ 0.2047,  0.2822, -0.9373,  1.1629],\n",
       "         [-0.9788,  0.0590, -0.1960,  0.5894],\n",
       "         [ 0.0000,  0.9575,  0.2883, -0.0703],\n",
       "         [ 0.0000,  0.0000,  0.0000,  1.0000]]),\n",
       " tensor([[ 0.2110,  0.2835, -0.9355,  1.1440],\n",
       "         [-0.9775,  0.0612, -0.2019,  0.5676],\n",
       "         [ 0.0000,  0.9570,  0.2900, -0.0625],\n",
       "         [ 0.0000,  0.0000,  0.0000,  1.0000]]),\n",
       " tensor([[ 0.2245,  0.2838, -0.9322,  1.1061],\n",
       "         [-0.9745,  0.0654, -0.2148,  0.5256],\n",
       "         [ 0.0000,  0.9567,  0.2912, -0.0448],\n",
       "         [ 0.0000,  0.0000,  0.0000,  1.0000]]),\n",
       " tensor([[ 0.2318,  0.2827, -0.9308,  1.0876],\n",
       "         [-0.9728,  0.0673, -0.2218,  0.5059],\n",
       "         [ 0.0000,  0.9569,  0.2906, -0.0349],\n",
       "         [ 0.0000,  0.0000,  0.0000,  1.0000]]),\n",
       " tensor([[ 0.2393,  0.2807, -0.9295,  1.0696],\n",
       "         [-0.9709,  0.0692, -0.2291,  0.4870],\n",
       "         [ 0.0000,  0.9573,  0.2891, -0.0243],\n",
       "         [ 0.0000,  0.0000,  0.0000,  1.0000]]),\n",
       " tensor([[ 0.2549,  0.2748, -0.9271,  1.0363],\n",
       "         [-0.9670,  0.0725, -0.2444,  0.4527],\n",
       "         [ 0.0000,  0.9588,  0.2842, -0.0010],\n",
       "         [ 0.0000,  0.0000,  0.0000,  1.0000]]),\n",
       " tensor([[ 0.2628,  0.2710, -0.9260,  1.0215],\n",
       "         [-0.9648,  0.0738, -0.2522,  0.4374],\n",
       "         [ 0.0000,  0.9597,  0.2809,  0.0116],\n",
       "         [ 0.0000,  0.0000,  0.0000,  1.0000]]),\n",
       " tensor([[ 0.2707,  0.2667, -0.9250,  1.0082],\n",
       "         [-0.9627,  0.0750, -0.2601,  0.4236],\n",
       "         [ 0.0000,  0.9608,  0.2771,  0.0248],\n",
       "         [ 0.0000,  0.0000,  0.0000,  1.0000]]),\n",
       " tensor([[ 0.2859,  0.2572, -0.9231,  0.9869],\n",
       "         [-0.9582,  0.0767, -0.2755,  0.4007],\n",
       "         [ 0.0000,  0.9633,  0.2684,  0.0531],\n",
       "         [ 0.0000,  0.0000,  0.0000,  1.0000]]),\n",
       " tensor([[ 0.2932,  0.2521, -0.9222,  0.9794],\n",
       "         [-0.9560,  0.0773, -0.2829,  0.3919],\n",
       "         [ 0.0000,  0.9646,  0.2637,  0.0682],\n",
       "         [ 0.0000,  0.0000,  0.0000,  1.0000]]),\n",
       " tensor([[ 0.3002,  0.2468, -0.9214,  0.9743],\n",
       "         [-0.9539,  0.0777, -0.2900,  0.3850],\n",
       "         [ 0.0000,  0.9659,  0.2588,  0.0839],\n",
       "         [ 0.0000,  0.0000,  0.0000,  1.0000]]),\n",
       " tensor([[ 0.3131,  0.2363, -0.9199,  0.9723],\n",
       "         [-0.9497,  0.0779, -0.3032,  0.3774],\n",
       "         [ 0.0000,  0.9685,  0.2488,  0.1170],\n",
       "         [ 0.0000,  0.0000,  0.0000,  1.0000]]),\n",
       " tensor([[ 0.3188,  0.2312, -0.9192,  0.9756],\n",
       "         [-0.9478,  0.0777, -0.3092,  0.3769],\n",
       "         [ 0.0000,  0.9698,  0.2439,  0.1343],\n",
       "         [ 0.0000,  0.0000,  0.0000,  1.0000]]),\n",
       " tensor([[ 0.3241,  0.2261, -0.9186,  0.9817],\n",
       "         [-0.9460,  0.0775, -0.3147,  0.3783],\n",
       "         [ 0.0000,  0.9710,  0.2390,  0.1520],\n",
       "         [ 0.0000,  0.0000,  0.0000,  1.0000]]),\n",
       " tensor([[ 0.3331,  0.2164, -0.9177,  1.0013],\n",
       "         [-0.9429,  0.0765, -0.3242,  0.3863],\n",
       "         [ 0.0000,  0.9733,  0.2295,  0.1882],\n",
       "         [ 0.0000,  0.0000,  0.0000,  1.0000]]),\n",
       " tensor([[ 0.3369,  0.2118, -0.9174,  1.0144],\n",
       "         [-0.9415,  0.0758, -0.3283,  0.3923],\n",
       "         [ 0.0000,  0.9744,  0.2249,  0.2064],\n",
       "         [ 0.0000,  0.0000,  0.0000,  1.0000]]),\n",
       " tensor([[ 0.3401,  0.2073, -0.9173,  1.0294],\n",
       "         [-0.9404,  0.0750, -0.3317,  0.3995],\n",
       "         [ 0.0000,  0.9754,  0.2204,  0.2246],\n",
       "         [ 0.0000,  0.0000,  0.0000,  1.0000]]),\n",
       " tensor([[ 0.3448,  0.1990, -0.9173,  1.0644],\n",
       "         [-0.9387,  0.0731, -0.3369,  0.4165],\n",
       "         [ 0.0000,  0.9773,  0.2120,  0.2603],\n",
       "         [ 0.0000,  0.0000,  0.0000,  1.0000]]),\n",
       " tensor([[ 0.3462,  0.1953, -0.9176,  1.0840],\n",
       "         [-0.9382,  0.0720, -0.3386,  0.4258],\n",
       "         [ 0.0000,  0.9781,  0.2081,  0.2776],\n",
       "         [ 0.0000,  0.0000,  0.0000,  1.0000]]),\n",
       " tensor([[ 0.3469,  0.1918, -0.9181,  1.1046],\n",
       "         [-0.9379,  0.0709, -0.3395,  0.4354],\n",
       "         [ 0.0000,  0.9789,  0.2045,  0.2944],\n",
       "         [ 0.0000,  0.0000,  0.0000,  1.0000]]),\n",
       " tensor([[ 0.3461,  0.1858, -0.9196,  1.1484],\n",
       "         [-0.9382,  0.0685, -0.3392,  0.4546],\n",
       "         [ 0.0000,  0.9802,  0.1980,  0.3259],\n",
       "         [ 0.0000,  0.0000,  0.0000,  1.0000]]),\n",
       " tensor([[ 0.3444,  0.1833, -0.9207,  1.1711],\n",
       "         [-0.9388,  0.0673, -0.3378,  0.4638],\n",
       "         [ 0.0000,  0.9808,  0.1953,  0.3404],\n",
       "         [ 0.0000,  0.0000,  0.0000,  1.0000]]),\n",
       " tensor([[ 0.3419,  0.1813, -0.9221,  1.1941],\n",
       "         [-0.9397,  0.0660, -0.3355,  0.4724],\n",
       "         [ 0.0000,  0.9812,  0.1929,  0.3539],\n",
       "         [ 0.0000,  0.0000,  0.0000,  1.0000]]),\n",
       " tensor([[ 0.3343,  0.1784, -0.9254,  1.2402],\n",
       "         [-0.9425,  0.0633, -0.3282,  0.4872],\n",
       "         [ 0.0000,  0.9819,  0.1893,  0.3776],\n",
       "         [ 0.0000,  0.0000,  0.0000,  1.0000]]),\n",
       " tensor([[ 0.3293,  0.1776, -0.9274,  1.2628],\n",
       "         [-0.9442,  0.0619, -0.3234,  0.4929],\n",
       "         [ 0.0000,  0.9822,  0.1881,  0.3874],\n",
       "         [ 0.0000,  0.0000,  0.0000,  1.0000]]),\n",
       " tensor([[ 0.3236,  0.1770, -0.9295,  1.2849],\n",
       "         [-0.9462,  0.0605, -0.3179,  0.4972],\n",
       "         [ 0.0000,  0.9824,  0.1870,  0.3959],\n",
       "         [ 0.0000,  0.0000,  0.0000,  1.0000]]),\n",
       " tensor([[ 0.3108,  0.1765, -0.9339,  1.3265],\n",
       "         [-0.9505,  0.0577, -0.3054,  0.5008],\n",
       "         [ 0.0000,  0.9826,  0.1857,  0.4079],\n",
       "         [ 0.0000,  0.0000,  0.0000,  1.0000]]),\n",
       " tensor([[ 0.3040,  0.1764, -0.9362,  1.3457],\n",
       "         [-0.9527,  0.0563, -0.2987,  0.4997],\n",
       "         [ 0.0000,  0.9827,  0.1852,  0.4113],\n",
       "         [ 0.0000,  0.0000,  0.0000,  1.0000]]),\n",
       " tensor([[ 0.2969,  0.1764, -0.9385,  1.3636],\n",
       "         [-0.9549,  0.0549, -0.2918,  0.4964],\n",
       "         [ 0.0000,  0.9828,  0.1847,  0.4128],\n",
       "         [ 0.0000,  0.0000,  0.0000,  1.0000]]),\n",
       " tensor([[ 0.2827,  0.1768, -0.9428,  1.3958],\n",
       "         [-0.9592,  0.0521, -0.2779,  0.4837],\n",
       "         [ 0.0000,  0.9829,  0.1843,  0.4106],\n",
       "         [ 0.0000,  0.0000,  0.0000,  1.0000]]),\n",
       " tensor([[ 0.2757,  0.1772, -0.9448,  1.4103],\n",
       "         [-0.9612,  0.0508, -0.2710,  0.4745],\n",
       "         [ 0.0000,  0.9829,  0.1843,  0.4071],\n",
       "         [ 0.0000,  0.0000,  0.0000,  1.0000]]),\n",
       " tensor([[ 0.2689,  0.1778, -0.9466,  1.4238],\n",
       "         [-0.9632,  0.0496, -0.2643,  0.4636],\n",
       "         [ 0.0000,  0.9828,  0.1846,  0.4022],\n",
       "         [ 0.0000,  0.0000,  0.0000,  1.0000]]),\n",
       " tensor([[ 0.2563,  0.1798, -0.9497,  1.4484],\n",
       "         [-0.9666,  0.0477, -0.2518,  0.4372],\n",
       "         [ 0.0000,  0.9825,  0.1861,  0.3883],\n",
       "         [ 0.0000,  0.0000,  0.0000,  1.0000]]),\n",
       " tensor([[ 0.2507,  0.1814, -0.9509,  1.4598],\n",
       "         [-0.9681,  0.0470, -0.2463,  0.4219],\n",
       "         [ 0.0000,  0.9823,  0.1873,  0.3796],\n",
       "         [ 0.0000,  0.0000,  0.0000,  1.0000]]),\n",
       " tensor([[ 0.2457,  0.1833, -0.9519,  1.4705],\n",
       "         [-0.9693,  0.0464, -0.2413,  0.4053],\n",
       "         [ 0.0000,  0.9820,  0.1890,  0.3700],\n",
       "         [ 0.0000,  0.0000,  0.0000,  1.0000]]),\n",
       " tensor([[ 0.2380,  0.1884, -0.9528,  1.4908],\n",
       "         [-0.9713,  0.0462, -0.2334,  0.3691],\n",
       "         [ 0.0000,  0.9810,  0.1940,  0.3480],\n",
       "         [ 0.0000,  0.0000,  0.0000,  1.0000]]),\n",
       " tensor([[ 0.2355,  0.1918, -0.9528,  1.5006],\n",
       "         [-0.9719,  0.0465, -0.2309,  0.3497],\n",
       "         [ 0.0000,  0.9803,  0.1974,  0.3359],\n",
       "         [ 0.0000,  0.0000,  0.0000,  1.0000]]),\n",
       " tensor([[ 0.2341,  0.1958, -0.9523,  1.5102],\n",
       "         [-0.9722,  0.0472, -0.2293,  0.3295],\n",
       "         [ 0.0000,  0.9795,  0.2014,  0.3233],\n",
       "         [ 0.0000,  0.0000,  0.0000,  1.0000]]),\n",
       " tensor([[ 0.2352,  0.2059, -0.9499,  1.5294],\n",
       "         [-0.9720,  0.0498, -0.2298,  0.2875],\n",
       "         [ 0.0000,  0.9773,  0.2118,  0.2967],\n",
       "         [ 0.0000,  0.0000,  0.0000,  1.0000]]),\n",
       " tensor([[ 0.2379,  0.2120, -0.9479,  1.5392],\n",
       "         [-0.9713,  0.0519, -0.2321,  0.2659],\n",
       "         [ 0.0000,  0.9759,  0.2183,  0.2829],\n",
       "         [ 0.0000,  0.0000,  0.0000,  1.0000]]),\n",
       " tensor([[ 0.2422,  0.2190, -0.9452,  1.5493],\n",
       "         [-0.9702,  0.0547, -0.2360,  0.2440],\n",
       "         [ 0.0000,  0.9742,  0.2257,  0.2691],\n",
       "         [ 0.0000,  0.0000,  0.0000,  1.0000]]),\n",
       " tensor([[ 0.2558,  0.2352, -0.9377,  1.5706],\n",
       "         [-0.9667,  0.0622, -0.2481,  0.2001],\n",
       "         [ 0.0000,  0.9700,  0.2433,  0.2414],\n",
       "         [ 0.0000,  0.0000,  0.0000,  1.0000]]),\n",
       " tensor([[ 0.2648,  0.2443, -0.9328,  1.5821],\n",
       "         [-0.9643,  0.0671, -0.2562,  0.1783],\n",
       "         [ 0.0000,  0.9674,  0.2534,  0.2278],\n",
       "         [ 0.0000,  0.0000,  0.0000,  1.0000]]),\n",
       " tensor([[ 0.2752,  0.2541, -0.9272,  1.5942],\n",
       "         [-0.9614,  0.0727, -0.2654,  0.1568],\n",
       "         [ 0.0000,  0.9645,  0.2643,  0.2144],\n",
       "         [ 0.0000,  0.0000,  0.0000,  1.0000]]),\n",
       " tensor([[ 0.2995,  0.2751, -0.9136,  1.6209],\n",
       "         [-0.9541,  0.0864, -0.2868,  0.1150],\n",
       "         [ 0.0000,  0.9575,  0.2883,  0.1892],\n",
       "         [ 0.0000,  0.0000,  0.0000,  1.0000]]),\n",
       " tensor([[ 0.3133,  0.2862, -0.9055,  1.6356],\n",
       "         [-0.9497,  0.0944, -0.2987,  0.0950],\n",
       "         [ 0.0000,  0.9535,  0.3014,  0.1774],\n",
       "         [ 0.0000,  0.0000,  0.0000,  1.0000]]),\n",
       " tensor([[ 0.3279,  0.2976, -0.8966,  1.6514],\n",
       "         [-0.9447,  0.1033, -0.3112,  0.0758],\n",
       "         [ 0.0000,  0.9491,  0.3151,  0.1664],\n",
       "         [ 0.0000,  0.0000,  0.0000,  1.0000]]),\n",
       " tensor([[ 0.3595,  0.3211, -0.8761,  1.6867],\n",
       "         [-0.9331,  0.1237, -0.3375,  0.0401],\n",
       "         [ 0.0000,  0.9389,  0.3441,  0.1470],\n",
       "         [ 0.0000,  0.0000,  0.0000,  1.0000]]),\n",
       " tensor([[ 0.3762,  0.3329, -0.8647,  1.7061],\n",
       "         [-0.9266,  0.1352, -0.3510,  0.0237],\n",
       "         [ 0.0000,  0.9332,  0.3593,  0.1387],\n",
       "         [ 0.0000,  0.0000,  0.0000,  1.0000]]),\n",
       " tensor([[ 0.3933,  0.3446, -0.8524,  1.7266],\n",
       "         [-0.9194,  0.1474, -0.3646,  0.0084],\n",
       "         [ 0.0000,  0.9271,  0.3748,  0.1313],\n",
       "         [ 0.0000,  0.0000,  0.0000,  1.0000]]),\n",
       " tensor([[ 0.4284,  0.3667, -0.8258,  1.7707],\n",
       "         [-0.9036,  0.1739, -0.3915, -0.0194],\n",
       "         [ 0.0000,  0.9139,  0.4058,  0.1186],\n",
       "         [ 0.0000,  0.0000,  0.0000,  1.0000]]),\n",
       " tensor([[ 0.4461,  0.3769, -0.8117,  1.7940],\n",
       "         [-0.8950,  0.1879, -0.4046, -0.0319],\n",
       "         [ 0.0000,  0.9070,  0.4211,  0.1132],\n",
       "         [ 0.0000,  0.0000,  0.0000,  1.0000]]),\n",
       " tensor([[ 0.4638,  0.3864, -0.7973,  1.8181],\n",
       "         [-0.8860,  0.2022, -0.4173, -0.0434],\n",
       "         [ 0.0000,  0.8999,  0.4361,  0.1084],\n",
       "         [ 0.0000,  0.0000,  0.0000,  1.0000]]),\n",
       " tensor([[ 0.4982,  0.4027, -0.7679,  1.8681],\n",
       "         [-0.8670,  0.2314, -0.4412, -0.0638],\n",
